year mon day hour minute sec lat lot dep mag
2022 4 7 14 43 59.9 29.310539 107.953809 4.39 1.26
2022 4 7 15 0 17.41 29.323265 107.960449 3.78 0.84
2022 4 7 17 23 9.91 29.324343 107.935425 3.16 0.89
2022 4 7 18 49 53.47 29.374127 107.902417 1.66 0.54
2022 4 7 21 56 4.41 29.33517 107.979924 3.54 0.33
2022 4 7 21 57 34.12 29.317082 107.90909 3.06 0.53
2022 4 7 23 56 8.77 29.355385 108.03374 2.02 0.46
2022 4 8 0 32 18.24 29.304976 107.884749 1.89 0.45
2022 4 8 1 40 44.92 29.326591 107.958285 2.46 0.24
2022 4 8 2 19 48.98 29.289809 107.902922 4.1 0.22
2022 4 8 3 4 25.3 29.308842 107.868783 2.11 0.41
2022 4 8 6 10 25.0 29.312885 107.912891 3.81 0.43
2022 4 8 9 48 16.7 29.323136 107.961206 4.09 0.21
2022 4 8 10 53 37.28 29.321505 107.933512 2.84 -0.38
2022 4 8 11 20 10.16 29.319019 107.936027 3.61 -0.56
2022 4 8 11 47 52.8 29.306616 107.979435 2.79 0.67
2022 4 8 14 27 30.62 29.312622 107.969116 3.35 0.78
2022 4 8 15 50 56.27 29.318827 107.950928 2.63 0.82
2022 4 8 16 19 20.57 29.335974 107.972127 2.28 0.35
2022 4 8 17 1 54.3 29.360158 108.03116 1.86 0.7
2022 4 8 17 21 1.13 29.315285 107.920207 1.93 0.26
2022 4 8 18 20 36.52 29.313849 107.920353 2.99 0.6
2022 4 8 18 26 53.69 29.317 107.920272 1.88 0.53
2022 4 8 18 42 0.87 29.323364 107.947078 3.52 0.27
2022 4 8 19 3 8.34 29.320162 107.952816 2.97 0.42
2022 4 8 19 4 9.26 29.310828 107.911076 1.34 0.8
2022 4 8 22 22 49.89 29.281429 108.048267 1.44 1.06
2022 4 8 23 9 33.36 29.283687 108.044751 2.12 1.0
2022 4 8 23 24 7.95 29.361387 108.031087 1.2 0.56
2022 4 8 23 48 54.19 29.330872 107.962793 2.98 1.01
2022 4 9 0 23 6.02 29.303518 107.865291 3.08 0.43
2022 4 9 0 55 55.28 29.37691 107.907503 1.46 0.43
2022 4 9 1 38 59.88 29.297906 107.897249 4.35 0.32
2022 4 9 1 52 4.66 29.314952 107.917228 2.58 0.11
2022 4 9 1 53 54.88 29.314807 107.970142 2.55 0.56
2022 4 9 2 6 59.16 29.337575 107.974528 1.97 0.43
2022 4 9 4 6 5.96 29.289825 107.843628 4.82 0.6
2022 4 9 4 38 7.86 29.292086 107.854435 5.22 0.33
2022 4 9 5 23 56.36 29.317216 107.930575 3.92 0.55
2022 4 9 6 9 0.68 29.277421 107.842708 5.26 0.48
2022 4 9 7 8 8.04 29.314823 107.920109 3.38 -0.16
2022 4 9 8 21 20.4 29.315812 107.970996 2.17 -0.49
2022 4 9 8 35 25.23 29.33752 107.973739 1.79 -0.53
2022 4 9 9 34 22.99 29.317128 107.967944 2.79 0.48
2022 4 9 9 41 30.56 29.321149 108.130868 2.17 -0.03
2022 4 9 9 48 9.94 29.318966 107.920207 0.79 -0.03
2022 4 9 9 57 51.18 29.311646 107.971216 1.91 0.3
2022 4 9 10 25 18.54 29.305811 107.865316 4.87 0.51
2022 4 9 10 37 54.24 29.312502 107.926636 1.86 0.38
2022 4 9 11 13 37.33 29.306651 107.905355 2.06 0.37
2022 4 9 11 40 26.03 29.336725 108.105729 2.3 0.71
2022 4 9 11 44 41.99 29.33987 108.108081 2.55 0.05
2022 4 9 11 55 15.93 29.34408 108.12299 2.89 0.12
2022 4 9 12 3 2.94 29.350804 108.076261 2.43 0.7
2022 4 9 12 3 13.69 29.268573 108.087345 4.19 1.4
2022 4 9 12 15 1.73 29.26071 108.09375 4.83 -0.1
2022 4 9 12 25 17.4 29.25861 108.09314 5.45 -0.42
2022 4 9 12 42 50.87 29.27546 107.834342 5.71 0.21
2022 4 9 14 17 21.38 29.291026 107.844751 4.67 1.06
2022 4 9 14 58 58.29 29.331984 107.956478 1.89 0.05
2022 4 9 15 1 20.21 29.313068 107.91792 2.62 0.61
2022 4 9 16 0 45.98 29.358067 108.01119 2.32 -0.27
2022 4 9 16 11 5.05 29.356763 108.000049 4.79 -0.58
2022 4 9 16 22 56.19 29.310846 107.920654 2.78 -0.51
2022 4 9 16 41 7.16 29.319008 107.950977 2.83 -0.48
2022 4 9 18 9 14.59 29.33724 107.97369 1.97 -0.64
2022 4 9 18 28 40.15 29.348328 108.073592 1.44 0.65
2022 4 9 19 19 15.8 29.28185 107.842627 4.81 -0.2
2022 4 9 19 37 55.13 29.399451 107.942399 4.8 -0.48
2022 4 9 19 38 7.47 29.391005 107.943888 3.62 -0.55
2022 4 9 19 52 29.11 29.359692 108.017643 3.25 -0.45
2022 4 9 20 24 46.26 29.283657 108.041504 2.79 -0.55
2022 4 9 21 45 41.35 29.31884 107.950773 2.97 -0.49
2022 4 9 21 49 51.77 29.311692 107.875643 3.73 -0.49
2022 4 9 21 52 58.06 29.344472 108.086816 1.7 0.56
2022 4 10 0 29 9.96 29.330223 107.958846 1.48 0.4
2022 4 10 0 39 34.7 29.346757 108.076986 1.87 0.2
2022 4 10 0 45 30.63 29.312174 107.918392 2.87 0.1
2022 4 10 1 19 44.76 29.34802 108.074455 1.22 -0.43
2022 4 10 1 44 51.12 29.336841 107.974357 2.42 -0.54
2022 4 10 2 28 42.44 29.35213 107.990682 2.46 -0.61
2022 4 10 2 35 38.68 29.295748 107.881632 3.45 0.04
2022 4 10 3 20 23.88 29.334701 108.159375 3.7 0.34
2022 4 10 4 3 26.12 29.372664 107.87867 3.51 -0.42
2022 4 10 4 5 58.84 29.316091 107.970329 2.58 0.3
2022 4 10 4 59 57.24 29.333368 108.144198 1.96 -0.48
2022 4 10 5 4 42.76 29.290253 107.879761 4.2 0.54
2022 4 10 5 9 27.72 29.399032 107.939738 1.4 -0.41
2022 4 10 5 9 42.12 29.316803 107.968245 2.79 0.44
2022 4 10 5 43 13.48 29.322233 107.931453 3.69 0.24
2022 4 10 6 23 25.84 29.322758 107.931323 2.86 -0.6
2022 4 10 7 51 29.4 29.348279 108.074072 1.34 -0.54
2022 4 10 8 26 5.48 29.301754 107.905461 3.05 -0.43
2022 4 10 9 45 32.25 29.282591 107.843595 5.47 0.54
2022 4 10 9 46 10.86 29.344578 108.086922 1.65 -0.5
2022 4 10 10 0 16.21 29.317478 107.917383 3.11 -0.56
2022 4 10 10 59 55.58 29.32111 107.947306 3.22 -0.51
2022 4 10 11 49 27.92 29.292273 107.845907 4.66 0.8
2022 4 10 12 5 34.84 29.269698 108.09091 4.82 -0.32
2022 4 10 12 7 35.46 29.3012 107.863102 4.59 -0.45
2022 4 10 12 19 11.19 29.314235 107.916951 2.5 0.52
2022 4 10 12 29 31.85 29.285026 108.042586 2.35 0.52
2022 4 10 12 43 38.68 29.278178 107.837956 5.47 0.56
2022 4 10 12 59 41.39 29.273863 107.776538 7.44 1.3
2022 4 10 15 49 49.35 29.346857 108.077002 1.23 0.79
2022 4 10 16 1 37.77 29.348171 108.074333 1.44 0.67
2022 4 10 16 14 51.62 29.25851 108.091455 5.61 0.54
2022 4 10 16 18 36.41 29.351152 107.991007 4.95 0.42
2022 4 10 17 14 51.04 29.361407 108.017643 2.35 0.66
2022 4 10 17 20 9.92 29.36111 108.015967 2.89 0.5
2022 4 10 17 47 12.8 29.299148 107.902743 3.46 0.33
2022 4 10 18 51 22.04 29.318683 107.950887 3.0 0.74
2022 4 10 20 21 59.97 29.31649 107.970492 2.49 0.5
2022 4 10 20 22 28.74 29.29126 107.881079 4.38 0.76
2022 4 10 21 18 23.08 29.299036 107.861393 4.78 0.32
2022 4 10 22 37 34.06 29.316742 107.968262 2.78 0.49
2022 4 10 23 0 33.82 29.290898 107.844271 4.79 0.71
2022 4 10 23 11 44.73 29.319383 107.950814 2.77 0.54
2022 4 10 23 18 24.68 29.344938 108.086637 1.69 0.75
2022 4 11 0 4 33.65 29.348096 108.074528 1.24 0.64
2022 4 11 0 19 56.12 29.284285 108.041089 2.4 1.38
2022 4 11 1 31 4.94 29.288411 108.041691 1.3 1.55
2022 4 11 1 58 36.44 29.311957 107.917391 3.02 0.64
2022 4 11 4 31 8.48 29.361686 108.016089 3.48 0.09
2022 4 11 5 7 28.94 29.317975 107.931136 3.58 0.57
2022 4 11 5 14 46.22 29.361422 108.017529 2.28 0.49
2022 4 11 5 42 19.76 29.314752 107.877482 3.41 0.57
2022 4 11 7 20 23.92 29.311458 107.917489 3.21 0.05
2022 4 11 7 39 17.6 29.316374 107.916789 3.37 0.66
2022 4 11 8 15 14.67 29.322732 108.166927 4.12 0.41
2022 4 11 8 19 31.01 29.292824 107.883154 4.28 0.44
2022 4 11 9 23 28.98 29.369836 107.920988 6.82 0.27
2022 4 11 9 23 32.45 29.358573 107.923193 9.57 0.38
2022 4 11 9 25 50.46 29.407707 107.907178 7.44 0.43
2022 4 11 9 30 0.19 29.366862 107.924731 8.57 0.25
2022 4 11 9 33 25.38 29.367686 107.922965 7.0 0.34
2022 4 11 9 34 45.28 29.370064 107.927303 7.88 0.49
2022 4 11 9 35 32.81 29.365184 107.918123 6.26 0.27
2022 4 11 9 41 46.45 29.366423 107.924731 4.44 0.08
2022 4 11 9 50 48.79 29.35696 107.925651 5.27 0.36
2022 4 11 9 50 53.89 29.363993 107.921606 6.19 0.74
2022 4 11 10 9 40.77 29.354936 107.909701 7.35 0.41
2022 4 11 10 13 51.02 29.329248 107.934668 3.85 0.56
2022 4 11 10 16 35.65 29.355322 107.925537 4.8 0.46
2022 4 11 10 28 42.67 29.364148 107.916772 6.9 0.46
2022 4 11 10 36 45.55 29.397148 107.902995 8.43 0.53
2022 4 11 11 8 24.83 29.348674 108.074097 1.82 0.54
2022 4 11 11 40 32.28 29.368532 107.928263 7.42 1.0
2022 4 11 11 40 59.9 29.363247 107.914453 6.55 0.43
2022 4 11 11 45 25.48 29.359796 107.920304 6.48 0.64
2022 4 11 11 49 41.95 29.362876 107.924927 5.12 0.53
2022 4 11 11 50 49.12 29.364496 107.916862 7.13 0.2
2022 4 11 11 54 1.51 29.364111 107.922347 7.14 0.56
2022 4 11 11 54 22.38 29.366882 107.922746 6.89 0.22
2022 4 11 11 54 56.71 29.363393 107.921468 7.43 1.08
2022 4 11 12 0 30.65 29.391437 107.930387 9.73 0.09
2022 4 11 12 1 1.73 29.370813 107.924658 8.97 0.68
2022 4 11 12 11 0.32 29.366795 107.924756 8.13 0.69
2022 4 11 12 11 48.3 29.360913 107.924154 7.46 0.28
2022 4 11 12 12 1.69 29.363029 107.92203 7.21 0.23
2022 4 11 12 19 29.76 29.3758 107.925464 5.49 0.16
2022 4 11 12 21 56.86 29.297091 107.916081 2.92 -0.05
2022 4 11 12 30 13.13 29.361086 107.920329 6.89 0.16
2022 4 11 12 32 42.11 29.37701 107.914461 7.79 0.3
2022 4 11 12 35 24.29 29.264284 108.084709 3.99 -0.41
2022 4 11 12 37 37.41 29.365633 107.918913 5.44 0.08
2022 4 11 12 40 53.28 29.363346 107.917839 7.49 0.28
2022 4 11 13 6 37.11 29.362258 107.92465 6.55 0.53
2022 4 11 13 7 14.66 29.362402 107.922786 4.63 -0.24
2022 4 11 13 19 49.56 29.370103 107.921411 8.33 0.45
2022 4 11 13 20 48.67 29.357288 108.000854 4.74 0.25
2022 4 11 13 25 29.35 29.363796 107.922087 7.1 0.7
2022 4 11 13 26 23.88 29.364518 107.914209 5.5 0.61
2022 4 11 13 55 4.72 29.31698 107.970833 2.33 0.15
2022 4 11 13 55 37.05 29.337252 108.10564 2.34 0.89
2022 4 11 13 58 19.67 29.33717 108.105298 2.34 0.8
2022 4 11 14 5 49.01 29.335793 108.106958 2.56 0.99
2022 4 11 14 12 1.77 29.337156 108.10577 2.46 0.92
2022 4 11 14 14 57.64 29.315818 107.87736 3.51 0.54
2022 4 11 15 38 24.41 29.362201 108.03252 1.55 0.48
2022 4 11 15 40 24.52 29.276202 108.082943 2.23 0.71
2022 4 11 15 42 58.24 29.317487 107.967106 2.25 0.49
2022 4 11 15 44 37.9 29.28783 108.040462 1.01 0.49
2022 4 11 16 2 19.83 29.319084 108.199626 4.17 1.48
2022 4 11 16 7 31.56 29.387166 107.920646 5.06 0.37
2022 4 11 16 46 56.25 29.315975 107.916496 3.43 0.65
2022 4 11 17 36 51.42 29.300433 107.903874 3.37 0.94
2022 4 11 17 38 43.48 29.336772 108.115161 2.5 2.19
2022 4 11 17 41 47.2 29.358506 107.918075 7.45 0.09
2022 4 11 17 42 43.98 29.363749 107.927238 7.35 0.3
2022 4 11 17 44 51.8 29.363125 107.921053 7.06 1.56
2022 4 11 17 52 37.67 29.330332 107.95424 2.24 0.8
2022 4 11 18 14 46.21 29.266915 108.090454 5.24 -0.35
2022 4 11 18 27 40.81 29.364528 107.925448 5.86 1.39
2022 4 11 18 29 50.67 29.267181 108.091406 5.07 0.55
2022 4 11 18 32 27.2 29.375193 107.931152 9.04 0.47
2022 4 11 18 32 47.99 29.266408 108.086369 4.37 0.67
2022 4 11 18 39 4.08 29.357617 107.913273 8.49 0.51
2022 4 11 18 44 2.72 29.392306 107.940332 3.97 0.39
2022 4 11 18 44 8.24 29.390751 107.951807 3.95 0.21
2022 4 11 18 53 46.32 29.349233 108.074373 1.61 0.29
2022 4 11 19 7 40.06 29.359304 107.995793 3.34 0.51
2022 4 11 19 12 18.95 29.366148 107.92015 7.36 0.38
2022 4 11 19 15 1.22 29.360822 107.912573 4.29 0.06
2022 4 11 19 22 23.11 29.373222 107.924585 5.8 -0.07
2022 4 11 19 28 7.2 29.319027 107.951156 2.79 0.75
2022 4 11 19 37 12.76 29.363442 107.921045 7.02 1.39
2022 4 11 19 37 47.52 29.360834 107.918807 6.54 0.77
2022 4 11 19 38 0.07 29.367503 107.918099 6.47 1.16
2022 4 11 19 38 11.27 29.368231 107.92321 8.85 0.66
2022 4 11 19 43 45.74 29.402488 107.979126 1.91 0.47
2022 4 11 19 48 32.1 29.359314 107.932137 3.78 0.4
2022 4 11 20 18 29.87 29.301306 107.906152 3.13 0.1
2022 4 11 20 25 32.79 29.303003 107.909155 2.28 0.07
2022 4 11 20 48 1.83 29.281866 108.032479 2.76 0.73
2022 4 11 21 10 36.76 29.361705 107.916602 4.92 0.7
2022 4 11 21 48 17.23 29.365493 107.928312 7.12 -0.09
2022 4 11 22 5 53.42 29.321584 107.930973 4.05 0.62
2022 4 11 22 17 54.1 29.29302 107.846655 4.8 0.7
2022 4 11 22 20 10.24 29.367491 107.912256 6.17 -0.01
2022 4 11 22 20 17.15 29.372876 107.930786 8.29 0.09
2022 4 11 22 23 15.77 29.367649 107.912948 7.61 0.87
2022 4 11 22 25 15.26 29.357314 107.929631 5.06 -0.05
2022 4 11 22 28 38.11 29.330792 107.955566 1.89 0.22
2022 4 11 22 32 36.5 29.362626 107.917847 5.84 -0.06
2022 4 11 22 34 50.23 29.323944 107.932121 3.47 0.54
2022 4 11 22 46 43.69 29.344749 108.086987 1.79 0.71
2022 4 11 22 59 36.05 29.362313 108.032593 1.29 0.62
2022 4 11 23 6 22.29 29.350887 107.920288 5.87 0.59
2022 4 11 23 15 44.63 29.276497 107.83505 5.56 0.52
2022 4 11 23 25 17.18 29.319037 107.950692 3.0 0.47
2022 4 11 23 55 5.42 29.364775 107.917993 4.61 0.57
2022 4 12 0 31 58.23 29.366125 107.924105 5.29 0.51
2022 4 12 0 54 54.85 29.294928 107.887378 4.22 0.8
2022 4 12 1 3 9.78 29.36059 107.913997 8.17 0.56
2022 4 12 1 4 16.12 29.371438 107.925505 6.2 0.85
2022 4 12 1 7 35.72 29.362 107.921769 6.66 -0.32
2022 4 12 1 19 50.52 29.347902 108.07391 1.32 -0.61
2022 4 12 1 22 11.6 29.364274 107.92002 7.51 -0.55
2022 4 12 1 54 48.38 29.315861 107.916406 3.45 -0.35
2022 4 12 2 28 45.46 29.337008 107.974162 2.3 0.23
2022 4 12 4 21 27.2 29.320034 107.96224 3.06 0.19
2022 4 12 4 36 29.16 29.296726 107.883822 4.14 0.54
2022 4 12 9 20 23.93 29.283136 108.042236 2.9 1.06
2022 4 12 10 19 22.22 29.315354 107.918636 2.34 0.61
2022 4 12 11 10 38.66 29.344462 108.086621 1.6 -0.46
2022 4 12 11 29 22.08 29.316396 107.919694 2.55 0.38
2022 4 12 11 36 10.56 29.363007 108.014746 3.04 0.63
2022 4 12 12 11 8.33 29.359861 108.017318 2.96 0.66
2022 4 12 12 31 35.14 29.316858 107.970939 2.28 0.46
2022 4 12 13 57 43.65 29.317139 107.968359 2.61 0.5
2022 4 12 15 1 47.56 29.290328 108.045451 2.06 0.37
2022 4 12 15 10 16.98 29.337085 107.974154 2.28 0.28
2022 4 12 17 38 53.66 29.305257 107.868742 4.3 0.48
2022 4 12 17 48 59.46 29.321104 107.93134 3.52 0.24
2022 4 12 17 49 59.27 29.26814 108.089176 3.38 0.2
2022 4 12 18 4 8.32 29.363458 108.031193 1.2 0.13
2022 4 12 18 12 3.04 29.32111 107.94738 3.22 0.21
2022 4 12 18 38 36.93 29.285915 107.87854 4.83 0.8
2022 4 12 18 50 53.88 29.336912 108.082821 2.36 0.37
2022 4 12 19 3 58.8 29.288521 108.046533 1.75 0.32
2022 4 12 19 7 56.31 29.303373 107.905884 2.95 -0.09
2022 4 12 20 22 17.3 29.297087 107.851807 5.17 0.78
2022 4 12 20 40 42.72 29.312561 107.917936 2.95 0.45
2022 4 12 20 54 23.64 29.319242 107.917708 1.35 0.14
2022 4 12 22 22 41.09 29.318719 107.951115 2.89 0.3
2022 4 13 0 54 50.39 29.363013 108.031966 1.31 0.14
2022 4 13 1 31 59.08 29.344366 108.086694 1.69 0.86
2022 4 13 1 37 30.56 29.302262 107.863802 4.56 0.02
2022 4 13 5 29 38.96 29.317668 108.201904 4.02 0.23
2022 4 13 7 45 44.56 29.316913 107.968538 2.57 0.63
2022 4 13 8 35 12.64 29.316093 107.970076 2.62 0.21
2022 4 13 9 35 10.74 29.36275 108.03103 1.1 0.27
2022 4 13 11 23 6.78 29.346427 108.075529 1.39 -0.01
2022 4 13 12 18 34.08 29.315812 107.916374 3.46 0.25
2022 4 13 12 37 56.06 29.361436 108.017399 2.17 0.23
2022 4 13 12 58 37.0 29.28619 108.042537 2.01 0.71
2022 4 13 15 23 47.26 29.301213 107.904793 3.19 0.72
2022 4 13 15 56 15.11 29.321025 107.933138 3.39 0.15
2022 4 13 16 20 10.5 29.320129 107.93112 3.61 0.67
2022 4 13 16 40 0.16 29.327024 107.957528 2.3 0.11
2022 4 13 16 41 21.31 29.347072 108.076847 1.81 0.95
2022 4 13 17 26 21.4 29.351941 108.073763 2.25 -0.06
2022 4 13 17 28 5.75 29.337437 107.973779 1.96 0.39
2022 4 13 17 38 31.94 29.295046 107.892839 4.38 0.66
2022 4 13 17 46 48.07 29.244661 108.103499 7.07 0.43
2022 4 13 17 51 30.56 29.262297 108.088208 5.21 0.44
2022 4 13 18 14 43.51 29.360089 107.999797 4.36 0.24
2022 4 13 18 15 33.79 29.285787 108.04082 2.15 0.35
2022 4 13 18 17 54.37 29.247028 108.113973 6.35 -0.04
2022 4 13 18 22 2.0 29.320911 107.950472 2.02 0.25
2022 4 13 18 31 52.67 29.261676 108.105835 4.95 0.35
2022 4 13 18 45 19.09 29.312547 107.925195 1.61 0.24
2022 4 13 18 55 41.33 29.291616 107.844637 4.76 0.23
2022 4 13 19 43 58.78 29.36217 108.032381 1.25 0.35
2022 4 13 21 7 2.17 29.315367 107.919124 2.25 0.86
2022 4 13 21 9 49.93 29.366018 107.901538 8.88 0.99
2022 4 13 21 24 25.67 29.409914 107.954468 2.8 0.97
2022 4 13 21 54 21.27 29.368744 107.9014 7.76 0.9
2022 4 13 21 55 43.11 29.368483 107.90092 7.84 0.39
2022 4 13 22 38 9.05 29.344285 108.086198 0.91 0.6
2022 4 13 23 3 41.68 29.349274 108.075822 0.65 0.42
2022 4 13 23 49 50.44 29.366636 107.92793 6.43 0.95
2022 4 13 23 50 3.44 29.366376 107.920093 6.77 0.57
2022 4 14 0 24 58.67 29.259819 108.096126 6.48 1.05
2022 4 14 0 44 39.67 29.361886 107.920402 6.13 0.49
2022 4 14 0 45 37.08 29.359648 107.920687 7.7 0.76
2022 4 14 1 16 34.9 29.36252 108.031445 1.57 0.7
2022 4 14 1 27 13.98 29.365116 107.919539 7.04 0.61
2022 4 14 2 7 18.28 29.348633 108.075993 2.25 0.65
2022 4 14 2 26 16.66 29.316199 107.970304 2.6 0.52
2022 4 14 2 33 53.84 29.337498 107.973804 1.73 0.29
2022 4 14 3 25 22.2 29.320723 107.951831 1.83 0.12
2022 4 14 3 32 45.6 29.299563 107.903638 3.57 1.3
2022 4 14 3 34 10.98 29.319159 107.951359 2.83 0.31
2022 4 14 4 16 17.64 29.316553 107.968473 2.8 1.13
2022 4 14 5 15 49.68 29.370726 107.920516 7.43 0.21
2022 4 14 5 26 40.16 29.331439 107.956543 1.66 1.3
2022 4 14 5 56 22.08 29.398165 107.942822 2.67 -0.09
2022 4 14 6 36 43.08 29.290407 107.843587 4.83 0.18
2022 4 14 6 51 0.44 29.350553 108.078434 1.89 0.57
2022 4 14 7 22 7.64 29.364439 108.03361 1.76 0.5
2022 4 14 7 51 7.76 29.316429 108.208773 3.78 0.71
2022 4 14 10 8 16.47 29.317352 107.917 3.07 0.36
2022 4 14 10 10 56.32 29.321104 107.947331 3.22 0.06
2022 4 14 10 43 26.84 29.30941 107.971004 1.73 0.03
2022 4 14 11 13 36.41 29.344309 108.085856 0.72 -0.08
2022 4 14 11 51 8.82 29.351473 107.987207 3.6 0.73
2022 4 14 11 52 28.73 29.322742 108.165308 3.82 0.85
2022 4 14 13 28 48.72 29.31967 107.930802 3.73 0.25
2022 4 14 13 29 11.79 29.349003 108.077181 1.71 0.19
2022 4 14 13 45 50.78 29.307855 107.907788 2.35 0.12
2022 4 14 14 0 54.77 29.422461 107.950928 1.83 -0.12
2022 4 14 14 4 15.98 29.3376 107.974007 1.74 0.36
2022 4 14 14 15 46.39 29.284782 108.040633 2.29 -0.16
2022 4 14 14 36 52.15 29.250553 108.106299 4.87 0.46
2022 4 14 15 43 26.73 29.248336 108.10415 4.27 0.54
2022 4 14 15 45 22.01 29.395756 107.8979 3.94 0.36
2022 4 14 16 35 28.16 29.36791 107.920011 6.2 0.41
2022 4 14 16 36 43.35 29.363395 107.922013 6.99 0.44
2022 4 14 16 41 33.07 29.357239 107.925448 6.94 0.24
2022 4 14 16 47 4.22 29.328412 107.957593 2.24 0.04
2022 4 14 16 49 13.86 29.361353 107.923665 7.27 0.19
2022 4 14 17 3 25.37 29.322123 107.946037 3.28 0.11
2022 4 14 17 19 14.04 29.364142 108.031966 1.49 0.42
2022 4 14 17 22 48.6 29.315613 107.918522 2.33 0.53
2022 4 14 17 41 31.57 29.347888 108.076261 1.63 0.06
2022 4 14 17 54 21.38 29.313373 107.919246 2.51 -0.09
2022 4 14 18 0 14.37 29.363767 108.020313 3.4 0.54
2022 4 14 18 2 14.59 29.330841 107.955697 2.35 0.15
2022 4 14 18 27 10.96 29.317613 107.917489 3.04 0.41
2022 4 14 19 10 59.52 29.292328 107.881706 4.45 0.68
2022 4 14 19 12 39.35 29.359941 108.017798 3.02 -0.02
2022 4 14 20 55 36.86 29.348596 108.073934 0.94 0.71
2022 4 14 21 8 56.46 29.337197 107.974137 2.34 -0.13
2022 4 14 21 27 16.18 29.274294 107.833146 5.61 -0.03
2022 4 14 22 2 39.31 29.282839 107.843156 4.69 0.2
2022 4 14 22 17 34.74 29.31298 107.909741 3.2 -0.06
2022 4 14 22 24 25.91 29.301237 107.905461 3.17 0.53
2022 4 14 22 33 14.24 29.385579 107.954793 6.4 -0.04
2022 4 14 23 52 36.91 29.343972 108.086157 1.25 0.49
2022 4 15 0 8 20.09 29.362384 108.032381 1.09 0.51
2022 4 15 2 45 55.2 29.317513 107.917114 3.06 0.01
2022 4 15 3 22 33.28 29.320748 107.950317 2.1 0.33
2022 4 15 4 42 5.6 29.320426 107.950358 2.07 0.0
2022 4 15 5 1 30.6 29.279942 107.841178 4.9 -0.37
2022 4 15 5 27 41.66 29.272896 107.8434 6.4 -0.16
2022 4 15 5 37 14.7 29.282939 107.843571 4.93 -0.31
2022 4 15 6 8 10.96 29.315786 108.192619 3.35 0.66
2022 4 15 7 37 12.02 29.361515 108.029443 1.17 0.37
2022 4 15 7 37 59.48 29.337677 107.973844 1.64 0.08
2022 4 15 7 41 2.06 29.286953 108.041366 1.81 0.41
2022 4 15 8 5 42.41 29.286599 108.039714 2.01 0.49
2022 4 15 10 0 25.92 29.308122 107.91394 3.06 0.09
2022 4 15 11 4 25.71 29.301455 107.905265 3.03 0.42
2022 4 15 11 9 26.56 29.349709 108.0788 2.11 0.22
2022 4 15 11 22 55.24 29.320508 107.926855 3.12 0.06
2022 4 15 11 30 22.6 29.324774 107.930493 2.77 0.54
2022 4 15 11 36 49.78 29.31616 107.916545 3.38 0.8
2022 4 15 11 53 53.97 29.319722 107.930786 3.92 0.85
2022 4 15 12 26 0.61 29.351575 107.988013 3.35 0.66
2022 4 15 13 17 9.94 29.280804 108.044604 1.56 0.26
2022 4 15 13 24 17.27 29.327586 107.956063 1.21 0.22
2022 4 15 14 6 1.31 29.346289 108.076733 1.54 0.76
2022 4 15 14 6 10.6 29.316313 107.970052 2.58 0.35
2022 4 15 14 8 24.45 29.330575 107.952531 2.15 0.24
2022 4 15 14 29 18.35 29.316964 107.968514 2.49 0.53
2022 4 15 14 50 56.61 29.30485 107.862866 4.52 0.7
2022 4 15 16 24 34.44 29.311873 107.916732 2.69 0.4
2022 4 15 16 31 53.19 29.337356 107.974349 2.21 0.32
2022 4 15 16 32 38.03 29.316659 108.170549 3.48 0.91
2022 4 15 16 39 7.2 29.311861 107.917936 2.88 0.64
2022 4 15 16 53 0.41 29.353341 107.994637 3.55 0.18
2022 4 15 17 49 46.86 29.315678 107.975529 2.39 0.14
2022 4 15 17 50 23.24 29.362313 108.032503 1.24 0.53
2022 4 15 18 37 6.73 29.31921 107.951253 2.41 0.6
2022 4 15 18 39 54.4 29.317495 108.204362 3.29 0.52
2022 4 15 18 41 30.98 29.321106 107.947371 3.23 0.95
2022 4 15 19 43 35.3 29.359947 108.01783 3.08 0.97
2022 4 15 19 57 21.15 29.272343 107.833301 6.06 0.74
2022 4 15 20 10 22.73 29.395386 107.949577 7.95 -0.12
2022 4 15 21 15 51.27 29.278894 107.839233 4.7 1.01
2022 4 15 22 31 19.31 29.317303 107.917 3.06 1.45
2022 4 15 22 50 51.53 29.344427 108.086776 1.65 0.86
2022 4 15 23 27 42.15 29.304454 107.855436 4.78 0.59
2022 4 15 23 55 22.19 29.321193 107.950659 2.04 0.45
2022 4 16 2 52 4.02 29.362339 108.03256 1.45 0.35
2022 4 16 2 59 17.02 29.319318 107.949455 1.99 0.24
2022 4 16 3 8 52.46 29.321295 107.952368 1.72 -0.37
2022 4 16 4 24 21.32 29.299766 107.90363 3.44 0.65
2022 4 16 5 11 24.72 29.283954 107.881405 5.18 0.34
2022 4 16 5 36 28.36 29.316689 107.968424 2.78 0.45
2022 4 16 5 49 14.44 29.28599 108.041642 2.13 0.86
2022 4 16 6 24 16.38 29.337606 107.974308 2.02 0.57
2022 4 16 6 49 37.48 29.317198 107.970638 2.27 0.77
2022 4 16 8 7 20.15 29.321515 107.930184 3.52 0.54
2022 4 16 8 17 33.18 29.279366 107.874756 5.94 0.07
2022 4 16 8 23 7.42 29.319767 107.931169 3.69 -0.14
2022 4 16 8 24 30.97 29.34822 108.073665 1.42 0.56
2022 4 16 8 59 33.35 29.317582 107.922469 2.46 0.19
2022 4 16 9 40 23.36 29.284139 107.843449 4.55 0.14
2022 4 16 9 43 5.57 29.313859 107.917806 2.79 0.6
2022 4 16 10 34 26.81 29.316359 107.916496 3.29 0.65
2022 4 16 10 34 34.04 29.303754 107.918424 3.75 0.2
2022 4 16 10 36 57.18 29.362331 108.03265 1.38 0.6
2022 4 16 10 40 38.77 29.300824 107.903996 3.27 0.41
2022 4 16 11 13 5.36 29.268309 108.038436 3.41 0.74
2022 4 16 11 54 7.17 29.28444 108.041138 2.0 0.91
2022 4 16 12 20 0.24 29.312573 107.876644 3.48 0.3
2022 4 16 12 26 22.47 29.388302 107.900334 3.17 0.88
2022 4 16 12 27 25.19 29.283569 107.873942 5.37 0.75
2022 4 16 12 42 37.17 29.33715 107.974463 2.31 0.35
2022 4 16 14 56 13.76 29.347113 108.077637 1.82 0.63
2022 4 16 15 41 26.75 29.320544 107.950854 2.04 0.62
2022 4 16 15 43 1.14 29.344222 108.086735 1.53 0.95
2022 4 16 16 10 37.44 29.348728 108.074097 1.72 0.61
2022 4 16 16 32 33.12 29.36145 108.017301 2.13 0.54
2022 4 16 17 0 29.5 29.327974 107.956868 1.97 0.52
2022 4 16 17 3 26.93 29.329696 107.953459 2.4 0.11
2022 4 16 17 6 48.65 29.351552 107.987931 3.35 0.78
2022 4 16 17 8 55.67 29.358567 107.992912 4.93 0.5
2022 4 16 17 46 13.73 29.312229 107.919596 2.83 0.11
2022 4 16 17 51 57.72 29.274078 107.833813 5.75 0.83
2022 4 16 18 2 53.77 29.362288 108.032845 1.52 0.8
2022 4 16 18 24 54.09 29.267611 107.824487 6.13 0.02
2022 4 16 19 16 31.72 29.356342 107.909123 2.56 0.17
2022 4 16 20 18 14.61 29.370217 107.932625 5.36 0.09
2022 4 16 20 21 8.92 29.304529 107.892537 3.67 0.71
2022 4 16 20 53 10.27 29.316921 107.968498 2.6 0.07
2022 4 16 20 56 16.66 29.317342 107.916968 3.05 0.36
2022 4 16 22 11 42.61 29.337242 107.974398 2.3 0.34
2022 4 16 23 0 35.44 29.292348 107.886963 4.47 0.45
2022 4 16 23 50 41.62 29.348558 108.073633 1.6 -0.48
2022 4 17 0 0 28.61 29.297266 107.886035 4.49 0.16
2022 4 17 1 27 5.94 29.316111 107.970662 2.62 0.29
2022 4 17 2 0 10.72 29.284253 108.042025 2.52 0.14
2022 4 17 2 7 0.32 29.301896 107.905981 3.02 -0.48
2022 4 17 2 39 0.32 29.320404 107.933146 4.05 0.08
2022 4 17 2 45 25.16 29.323421 107.930664 3.1 0.55
2022 4 17 3 20 19.7 29.319879 107.931372 3.81 -0.1
2022 4 17 4 37 12.92 29.360191 108.017293 2.37 0.11
2022 4 17 4 41 17.52 29.317147 107.916764 3.18 0.5
2022 4 17 4 59 17.04 29.344505 108.086776 1.63 0.1
2022 4 17 4 59 51.36 29.294659 107.883634 3.63 0.39
2022 4 17 5 1 7.08 29.359928 108.017318 3.04 0.03
2022 4 17 5 4 5.52 29.337575 107.97408 1.82 0.33
2022 4 17 6 6 51.84 29.362213 108.033309 1.59 0.65
2022 4 17 6 43 38.56 29.283673 108.041699 2.58 0.56
2022 4 17 7 25 15.88 29.283714 108.045589 1.75 0.16
2022 4 17 7 35 7.32 29.348116 108.072567 1.13 0.56
2022 4 17 7 47 18.12 29.346838 108.077254 1.86 0.46
2022 4 17 8 50 29.91 29.373728 107.919832 4.06 0.27
2022 4 17 9 6 43.36 29.284068 107.845068 4.71 -0.05
2022 4 17 9 9 20.22 29.310905 107.917318 3.22 0.56
2022 4 17 9 42 54.11 29.279942 107.839046 5.53 0.76
2022 4 17 9 50 10.79 29.320748 107.950749 2.07 0.45
2022 4 17 10 12 10.88 29.301444 107.904598 3.14 0.51
2022 4 17 10 20 4.53 29.339524 108.121305 3.74 0.88
2022 4 17 12 7 4.29 29.311155 107.918978 3.1 0.69
2022 4 17 12 42 42.53 29.365175 107.906852 9.85 0.7
2022 4 17 13 24 44.88 29.316838 107.96862 2.62 0.59
2022 4 17 13 25 46.81 29.320915 107.947209 3.24 -0.05
2022 4 17 13 28 0.53 29.317027 107.916634 3.05 0.69
2022 4 17 14 23 35.62 29.352482 107.988403 1.4 -0.0
2022 4 17 14 43 44.81 29.337431 107.974268 2.04 0.56
2022 4 17 15 35 30.57 29.348586 108.073901 1.65 0.66
2022 4 17 17 11 17.6 29.32029 107.95083 2.09 -0.04
2022 4 17 17 23 7.53 29.322719 107.948088 1.99 0.16
2022 4 17 17 38 58.14 29.315965 107.97041 2.64 0.66
2022 4 17 18 4 0.61 29.271702 108.089884 4.09 0.38
2022 4 17 18 4 53.45 29.329901 107.955037 2.67 0.6
2022 4 17 18 4 55.6 29.328298 107.953141 2.62 1.49
2022 4 17 19 17 15.27 29.362644 108.033154 1.37 1.32
2022 4 17 20 5 34.04 29.302393 107.905713 3.02 0.43
2022 4 17 20 45 21.11 29.30036 107.897013 4.46 0.82
2022 4 17 21 13 44.26 29.337042 107.974438 2.34 1.29
2022 4 17 21 14 41.31 29.318325 107.921615 3.05 0.18
2022 4 17 21 22 37.84 29.319558 107.931966 3.67 1.65
2022 4 17 21 41 14.43 29.321853 108.161841 3.17 0.92
2022 4 17 21 56 16.94 29.314585 108.202938 3.62 0.62
2022 4 17 22 1 51.14 29.284416 108.041854 2.35 0.24
2022 4 17 22 10 18.4 29.316579 107.968465 2.8 0.53
2022 4 18 0 47 5.77 29.362219 108.032935 1.59 0.43
2022 4 18 1 58 29.42 29.283358 108.041919 2.68 0.04
2022 4 18 2 0 36.8 29.319381 107.95363 2.24 0.35
2022 4 18 2 3 8.76 29.316038 107.97028 2.56 0.32
2022 4 18 2 48 42.06 29.344672 108.073649 1.79 0.29
2022 4 18 2 59 28.12 29.278365 107.83868 5.57 -0.33
2022 4 18 3 56 5.96 29.310923 107.916992 3.19 0.4
2022 4 18 5 10 26.18 29.303794 107.876799 3.56 0.25
2022 4 18 5 44 9.64 29.299207 107.902987 3.44 0.59
2022 4 18 6 26 38.0 29.344159 108.086841 1.69 0.4
2022 4 18 7 6 28.16 29.31701 107.913647 1.44 0.18
2022 4 18 7 58 2.76 29.349058 108.075138 1.51 -0.03
2022 4 18 8 9 49.17 29.406923 107.947437 2.6 0.21
2022 4 18 8 25 36.39 29.256934 108.094393 6.34 0.57
2022 4 18 8 29 35.19 29.279175 107.840568 3.82 0.1
2022 4 18 8 39 39.6 29.337712 107.973934 1.74 0.87
2022 4 18 9 32 12.9 29.320671 107.951554 2.96 0.59
2022 4 18 9 55 30.6 29.31087 107.973812 2.0 0.55
2022 4 18 10 36 30.23 29.321102 107.947331 3.22 0.9
2022 4 18 10 50 44.83 29.28124 107.879451 5.25 0.42
2022 4 18 11 12 16.58 29.315778 107.916276 3.41 0.74
2022 4 18 12 10 29.34 29.36224 108.032886 1.53 0.56
2022 4 18 12 20 17.0 29.315631 107.918457 2.32 0.61
2022 4 18 12 24 48.74 29.359993 108.017521 2.95 0.28
2022 4 18 12 59 58.65 29.356317 107.98999 1.95 0.14
2022 4 18 13 16 25.36 29.336074 108.106698 2.79 0.33
2022 4 18 14 31 4.5 29.318783 107.951204 2.84 0.52
2022 4 18 14 46 7.39 29.303876 107.909652 4.47 0.62
2022 4 18 15 37 22.39 29.322107 107.94576 2.18 0.47
2022 4 18 15 39 44.13 29.402389 107.891512 4.16 0.12
2022 4 18 17 3 53.56 29.352191 107.998258 4.64 0.7
2022 4 18 17 5 11.74 29.346771 108.076522 1.28 0.95
2022 4 18 17 14 54.95 29.306496 107.910824 2.83 0.64
2022 4 18 17 38 33.04 29.337431 107.97404 2.0 0.52
2022 4 18 17 57 21.68 29.245787 108.085897 7.67 1.73
2022 4 18 18 5 4.81 29.258498 108.095801 3.28 1.4
2022 4 18 18 7 3.9 29.316634 107.96827 2.84 0.62
2022 4 18 18 8 49.15 29.265444 108.08387 4.26 0.97
2022 4 18 18 9 22.03 29.348232 108.072469 1.59 0.64
2022 4 18 18 46 35.02 29.362213 108.033309 1.64 -0.25
2022 4 18 18 52 37.04 29.316895 107.971419 2.19 0.02
2022 4 18 19 20 20.26 29.323918 107.931836 3.31 -0.2
2022 4 18 19 22 9.8 29.286204 108.041447 2.16 0.94
2022 4 18 19 27 35.36 29.316665 107.916593 3.19 -0.26
2022 4 18 19 45 44.92 29.320715 107.931763 3.76 0.21
2022 4 18 19 46 36.23 29.409261 107.934066 2.27 0.37
2022 4 18 21 31 24.89 29.31085 107.914648 2.77 0.38
2022 4 18 22 0 31.13 29.34384 108.086401 1.35 0.46
2022 4 18 22 56 28.33 29.311357 107.971517 1.88 -0.08
2022 4 18 23 43 3.8 29.319104 107.950708 2.11 -0.0
2022 4 19 0 39 9.64 29.360116 108.008854 4.45 0.63
2022 4 19 1 35 45.76 29.361407 108.017716 2.22 0.58
2022 4 19 1 40 10.8 29.362225 108.033301 1.65 0.8
2022 4 19 2 5 29.68 29.347746 108.074902 1.93 0.6
2022 4 19 2 38 21.38 29.275905 107.831576 5.74 0.33
2022 4 19 3 34 27.16 29.316357 107.914046 2.37 0.96
2022 4 19 3 50 57.38 29.283641 107.844344 4.75 0.76
2022 4 19 7 7 49.38 29.329205 107.954191 2.37 0.45
2022 4 19 7 26 26.8 29.314766 107.915487 3.61 0.79
2022 4 19 8 9 34.62 29.283335 108.042074 2.62 1.09
2022 4 19 8 34 57.09 29.281866 107.842871 4.59 0.51
2022 4 19 9 13 21.86 29.330855 108.124601 1.99 0.36
2022 4 19 9 59 23.2 29.3131 107.916748 2.46 0.4
2022 4 19 11 21 4.47 29.368939 108.02041 2.02 0.28
2022 4 19 11 50 52.07 29.359989 108.017977 2.98 0.84
2022 4 19 12 12 52.09 29.337225 107.974414 2.33 0.52
2022 4 19 12 43 30.67 29.316697 107.968953 2.69 0.55
2022 4 19 13 23 44.19 29.33879 108.119735 1.11 0.29
2022 4 19 13 39 11.49 29.286035 108.041471 2.23 0.65
2022 4 19 15 16 26.05 29.351101 107.986255 3.2 -0.08
2022 4 19 15 17 51.14 29.308752 107.972428 2.23 0.6
2022 4 19 16 1 46.66 29.346653 108.077271 1.37 0.99
2022 4 19 16 10 9.85 29.315387 107.915633 3.55 0.54
2022 4 19 17 5 43.28 29.362211 108.033341 1.66 0.71
2022 4 19 17 51 56.28 29.319889 107.930949 3.88 0.83
2022 4 19 18 47 27.78 29.28583 107.846191 4.56 0.69
2022 4 19 19 24 12.17 29.349111 108.073828 1.65 0.41
2022 4 19 20 15 9.39 29.380634 107.919678 3.13 0.46
2022 4 19 20 47 35.41 29.337166 107.974674 2.3 0.37
2022 4 19 20 50 22.26 29.319763 108.196175 4.3 -0.07
2022 4 19 21 36 52.31 29.316543 107.968888 2.78 0.51
2022 4 19 22 42 17.42 29.315839 107.970483 2.65 0.35
2022 4 19 22 51 43.16 29.324127 107.923494 1.65 0.9
2022 4 19 22 53 53.17 29.308974 107.913859 2.99 0.16
2022 4 19 23 21 43.26 29.362233 108.033317 1.64 0.18
2022 4 19 23 52 52.14 29.315719 107.916032 3.41 0.52
2022 4 20 0 9 23.59 29.381394 107.945549 2.6 -0.39
2022 4 20 0 14 0.55 29.28667 108.04078 1.96 0.7
2022 4 20 1 33 26.48 29.324969 108.160075 3.33 0.66
2022 4 20 2 0 9.68 29.299778 107.862777 4.74 0.63
2022 4 20 3 7 24.78 29.284389 108.040845 2.45 0.28
2022 4 20 3 56 54.48 29.379118 107.919849 4.34 0.55
2022 4 20 5 31 46.48 29.284383 108.042196 2.42 0.63
2022 4 20 5 46 41.24 29.316054 107.967627 3.37 0.16
2022 4 20 5 54 42.0 29.330731 107.956486 2.02 0.79
2022 4 20 5 54 44.28 29.328033 107.957243 2.61 1.0
2022 4 20 6 44 17.34 29.337811 107.974154 1.62 0.32
2022 4 20 7 15 15.12 29.31723 108.195516 3.6 0.52
2022 4 20 9 11 17.97 29.30743 107.97229 2.08 0.47
2022 4 20 9 23 42.66 29.280078 107.844084 5.26 0.41
2022 4 20 10 16 48.94 29.303359 107.867253 4.22 0.83
2022 4 20 11 35 23.91 29.316272 107.916243 3.26 0.8
2022 4 20 11 43 32.88 29.321427 107.944881 3.18 0.56
2022 4 20 12 6 51.0 29.36229 108.033439 1.58 0.64
2022 4 20 12 27 8.66 29.361416 108.017708 2.16 0.66
2022 4 20 12 29 50.91 29.255151 108.096484 4.23 0.25
2022 4 20 12 40 30.44 29.322113 107.93055 3.44 0.21
2022 4 20 13 4 59.02 29.321305 107.932471 3.63 0.9
2022 4 20 14 0 13.74 29.281104 107.843579 5.59 0.74
2022 4 20 14 32 36.85 29.319523 107.950773 2.73 0.38
2022 4 20 14 37 52.01 29.303371 107.908569 2.77 0.24
2022 4 20 15 28 19.35 29.391516 107.933317 6.76 0.5
2022 4 20 15 31 48.63 29.394993 107.934326 6.85 0.72
2022 4 20 15 32 42.09 29.393931 107.939063 5.18 0.16
2022 4 20 15 32 59.81 29.34399 108.086165 1.3 0.56
2022 4 20 15 35 25.15 29.343943 108.148055 2.32 0.24
2022 4 20 15 47 12.79 29.320042 107.951034 2.06 0.5
2022 4 20 15 53 5.76 29.31943 107.951864 1.16 0.32
2022 4 20 16 34 49.51 29.31723 107.97015 2.33 0.49
2022 4 20 16 42 58.38 29.278133 107.841943 6.11 0.12
2022 4 20 17 12 29.55 29.319763 107.918294 3.35 0.46
2022 4 20 17 26 49.95 29.31708 107.971021 2.31 0.58
2022 4 20 17 26 57.92 29.405406 107.906844 2.72 -0.09
2022 4 20 18 59 23.87 29.316433 107.916252 3.26 0.66
2022 4 20 19 30 46.3 29.362268 108.033407 1.65 0.62
2022 4 20 19 48 36.75 29.310765 107.916496 3.08 0.6
2022 4 20 20 7 0.9 29.307288 107.923022 2.42 0.33
2022 4 20 21 11 47.76 29.270648 107.828898 5.82 0.02
2022 4 20 21 42 35.26 29.346244 108.078353 2.14 0.97
2022 4 20 21 53 11.16 29.337813 107.974325 1.77 0.47
2022 4 20 21 53 15.62 29.361426 108.017871 2.18 0.9
2022 4 20 22 17 25.64 29.267537 107.830884 4.36 0.29
2022 4 20 23 7 50.01 29.294979 107.883488 4.59 0.59
2022 4 20 23 20 39.11 29.34894 108.072445 1.39 0.85
2022 4 20 23 22 53.36 29.287207 108.03938 1.92 0.75
2022 4 20 23 31 30.58 29.319954 107.964998 2.49 0.09
2022 4 21 0 9 45.44 29.303414 107.905941 2.77 0.05
2022 4 21 0 17 7.39 29.286871 107.881681 4.75 0.55
2022 4 21 0 38 13.04 29.308262 107.973844 1.93 -0.17
2022 4 21 1 3 14.52 29.316903 107.970679 2.24 -0.15
2022 4 21 2 4 27.04 29.321417 108.170223 4.29 -0.26
2022 4 21 2 28 36.12 29.30811 107.96958 1.51 0.3
2022 4 21 2 33 42.82 29.319208 107.952043 2.83 -0.06
2022 4 21 2 39 52.24 29.301449 107.864657 4.69 0.8
2022 4 21 3 16 4.36 29.34611 108.077409 1.48 0.45
2022 4 21 6 3 21.6 29.24163 108.117855 5.78 0.5
2022 4 21 6 52 26.6 29.39245 107.928874 5.22 -0.15
2022 4 21 6 53 12.24 29.389166 107.932715 7.89 0.85
2022 4 21 6 57 43.44 29.392845 107.936255 5.92 0.16
2022 4 21 7 8 45.68 29.375651 107.934766 9.65 0.58
2022 4 21 7 53 38.56 29.388249 107.934831 7.7 0.29
2022 4 21 7 54 31.94 29.373718 107.951611 11.16 0.37
2022 4 21 7 55 56.24 29.379616 107.932503 9.93 0.2
2022 4 21 8 5 54.97 29.287504 108.038737 1.84 0.61
2022 4 21 8 19 22.66 29.387349 107.93326 6.86 0.72
2022 4 21 8 19 55.56 29.388466 107.934465 7.64 0.26
2022 4 21 8 20 12.67 29.388483 107.934969 7.66 1.26
2022 4 21 8 20 53.24 29.384802 107.940999 6.65 0.82
2022 4 21 8 21 18.63 29.402089 107.919735 8.12 0.57
2022 4 21 8 21 33.05 29.385179 107.938395 6.46 0.44
2022 4 21 8 21 36.2 29.385114 107.921769 7.59 0.64
2022 4 21 8 22 14.63 29.392037 107.932373 7.75 0.5
2022 4 21 8 23 31.17 29.38809 107.940658 6.5 0.65
2022 4 21 8 24 27.2 29.388462 107.935726 8.2 0.62
2022 4 21 8 26 0.36 29.388938 107.933 7.65 0.1
2022 4 21 8 26 30.2 29.28516 108.041732 2.24 1.07
2022 4 21 8 29 27.2 29.383636 107.938232 7.51 1.02
2022 4 21 8 38 21.18 29.390116 107.932267 6.68 0.52
2022 4 21 8 39 27.8 29.388304 107.937573 4.37 0.11
2022 4 21 8 40 55.13 29.388595 107.934578 7.65 1.96
2022 4 21 8 41 10.48 29.393341 107.936157 6.23 -0.23
2022 4 21 8 42 40.36 29.384825 107.947974 8.99 0.37
2022 4 21 8 42 51.32 29.384355 107.928263 7.46 0.26
2022 4 21 8 43 48.65 29.390165 107.929167 6.33 0.39
2022 4 21 8 44 29.18 29.368416 107.954557 9.34 0.17
2022 4 21 8 47 29.17 29.386918 107.933049 6.77 0.83
2022 4 21 8 49 26.15 29.39232 107.93383 7.77 0.37
2022 4 21 8 49 46.58 29.370256 107.959684 9.6 0.27
2022 4 21 8 50 4.91 29.384625 107.927897 9.9 0.25
2022 4 21 8 50 41.44 29.386751 107.930965 5.49 0.79
2022 4 21 8 52 36.58 29.383065 107.938924 6.52 0.63
2022 4 21 8 58 49.71 29.377075 107.953068 10.12 0.58
2022 4 21 8 59 9.39 29.343758 108.086353 1.46 0.74
2022 4 21 9 2 47.78 29.387179 107.940535 7.52 0.03
2022 4 21 9 3 30.82 29.317834 107.916561 2.98 0.62
2022 4 21 9 8 5.82 29.380888 107.939217 8.01 0.93
2022 4 21 9 11 20.62 29.38633 107.932479 8.22 0.43
2022 4 21 9 11 46.28 29.385099 107.940259 7.18 0.67
2022 4 21 9 21 1.64 29.387903 107.935889 7.9 0.48
2022 4 21 9 23 26.47 29.388967 107.936906 6.28 0.67
2022 4 21 9 24 30.27 29.388623 107.934432 7.61 1.3
2022 4 21 9 26 52.11 29.388511 107.935278 7.72 0.49
2022 4 21 9 27 10.69 29.389813 107.927759 7.34 0.08
2022 4 21 9 33 7.07 29.349355 108.074479 2.0 0.64
2022 4 21 9 35 13.01 29.366742 107.938428 11.04 0.31
2022 4 21 9 37 4.53 29.337533 107.974235 2.03 0.67
2022 4 21 9 41 45.38 29.388947 107.93453 7.65 0.88
2022 4 21 9 41 49.19 29.388995 107.933927 7.45 0.78
2022 4 21 9 42 37.38 29.383838 107.931567 7.86 0.37
2022 4 21 9 43 29.91 29.388643 107.934945 7.55 0.79
2022 4 21 9 44 58.47 29.384998 107.937646 8.62 0.35
2022 4 21 9 45 3.07 29.388845 107.932894 6.9 0.65
2022 4 21 9 45 44.35 29.387789 107.935677 7.94 2.42
2022 4 21 9 46 13.69 29.388717 107.924015 8.16 0.17
2022 4 21 9 46 45.45 29.385514 107.93842 6.38 0.11
2022 4 21 9 47 5.66 29.377096 107.942529 7.41 -0.23
2022 4 21 9 47 34.88 29.384072 107.929411 8.16 0.42
2022 4 21 9 47 41.06 29.388059 107.935246 7.64 0.46
2022 4 21 9 48 26.24 29.392371 107.932568 8.1 0.55
2022 4 21 9 49 44.55 29.388536 107.934814 7.5 -0.07
2022 4 21 9 50 50.94 29.392615 107.92832 9.48 0.32
2022 4 21 9 58 59.64 29.388743 107.934823 7.56 0.39
2022 4 21 10 3 25.96 29.392873 107.929606 6.03 0.15
2022 4 21 10 20 19.4 29.317035 107.969165 2.49 0.29
2022 4 21 10 25 23.27 29.388259 107.933146 6.81 0.68
2022 4 21 10 25 49.96 29.392537 107.937443 7.11 1.08
2022 4 21 10 39 47.63 29.390719 107.9354 7.2 0.53
2022 4 21 10 40 14.33 29.394006 107.935645 6.99 0.14
2022 4 21 10 42 34.29 29.375197 107.934025 7.76 0.35
2022 4 21 10 46 39.9 29.37514 107.961914 9.42 0.52
2022 4 21 10 50 2.29 29.381535 107.936336 10.41 0.2
2022 4 21 10 54 18.15 29.378994 107.96123 8.76 0.23
2022 4 21 10 55 32.17 29.280078 107.841846 4.84 0.49
2022 4 21 11 3 58.56 29.386053 107.932072 7.93 0.38
2022 4 21 11 11 49.51 29.362211 108.033382 1.59 0.87
2022 4 21 11 12 56.07 29.387891 107.935832 8.09 0.29
2022 4 21 11 13 9.24 29.390403 107.937834 5.27 0.23
2022 4 21 11 13 23.54 29.38773 107.933618 7.59 0.22
2022 4 21 11 22 20.85 29.385669 107.931787 8.05 0.61
2022 4 21 11 37 44.28 29.38574 107.932357 8.41 -0.23
2022 4 21 11 40 45.26 29.369147 107.950098 10.73 0.4
2022 4 21 11 40 53.0 29.387864 107.935921 7.92 0.19
2022 4 21 11 46 24.45 29.37867 107.957585 10.09 0.4
2022 4 21 11 49 48.49 29.325474 107.948828 2.57 0.97
2022 4 21 12 5 21.27 29.369143 107.952108 9.31 0.5
2022 4 21 12 16 58.65 29.38929 107.933114 7.54 1.02
2022 4 21 12 41 19.12 29.309015 107.914681 2.95 0.53
2022 4 21 12 46 57.53 29.389492 107.933716 7.79 0.72
2022 4 21 13 0 46.99 29.388399 107.935547 8.22 0.64
2022 4 21 13 46 38.61 29.385256 107.929476 7.79 0.41
2022 4 21 14 44 33.81 29.360105 108.01783 2.9 0.8
2022 4 21 14 44 38.78 29.38173 107.927311 7.29 -0.64
2022 4 21 14 45 43.47 29.390106 107.934383 7.82 0.63
2022 4 21 14 45 48.24 29.385478 107.933724 8.86 0.06
2022 4 21 14 45 52.02 29.388794 107.933569 7.57 0.83
2022 4 21 14 48 50.21 29.302897 107.907878 2.38 0.19
2022 4 21 14 58 57.11 29.398804 107.919084 3.69 0.09
2022 4 21 15 2 36.59 29.321033 107.931234 2.5 0.06
2022 4 21 15 7 37.16 29.392973 107.935946 7.51 0.0
2022 4 21 15 26 49.12 29.322662 107.936702 2.15 0.75
2022 4 21 16 21 40.15 29.318184 107.917456 3.43 0.66
2022 4 21 17 11 29.17 29.286033 108.041219 2.12 0.44
2022 4 21 17 58 20.54 29.359025 107.999373 3.23 0.53
2022 4 21 19 11 28.41 29.316878 107.968734 2.66 0.44
2022 4 21 19 22 15.22 29.337838 107.973812 1.65 0.36
2022 4 21 19 39 55.49 29.362113 108.033577 1.65 0.69
2022 4 21 20 15 41.71 29.394552 107.938298 6.36 1.92
2022 4 21 20 18 46.69 29.346954 108.077547 1.94 1.05
2022 4 21 21 0 4.51 29.309155 107.972323 2.29 0.39
2022 4 21 21 23 43.47 29.316882 107.971029 2.24 0.82
2022 4 21 21 57 12.81 29.381903 107.884017 2.83 0.2
2022 4 21 22 9 5.0 29.383478 107.936328 7.55 0.07
2022 4 21 22 20 16.32 29.293178 107.841097 4.13 0.48
2022 4 21 22 38 33.38 29.323838 108.160994 3.51 0.39
2022 4 21 22 39 36.15 29.309511 107.872852 3.35 0.33
2022 4 21 22 45 57.38 29.285156 107.88029 4.88 0.61
2022 4 21 23 13 25.48 29.343966 108.086092 1.28 0.63
2022 4 21 23 49 29.8 29.316125 107.916113 3.32 0.5
2022 4 21 23 52 40.25 29.354643 107.988428 2.63 0.56
2022 4 21 23 56 32.28 29.40401 107.982918 4.44 0.88
2022 4 21 23 56 46.18 29.310944 107.919409 2.59 0.68
2022 4 21 23 58 48.71 29.30233 107.906014 2.5 0.36
2022 4 22 0 1 30.91 29.316087 107.919474 1.81 0.24
2022 4 22 0 16 31.5 29.361428 108.017871 2.19 -0.01
2022 4 22 0 41 40.34 29.388481 107.934277 7.67 0.41
2022 4 22 2 9 45.24 29.362343 108.033594 1.56 0.47
2022 4 22 2 31 31.38 29.348356 108.074984 1.61 0.46
2022 4 22 2 42 25.74 29.301396 107.891423 2.86 0.13
2022 4 22 3 18 9.52 29.318384 107.969287 3.87 0.76
2022 4 22 3 41 0.16 29.35226 107.922656 4.31 1.32
2022 4 22 3 55 11.32 29.286713 108.039852 1.76 0.32
2022 4 22 3 59 45.4 29.285883 108.040552 2.69 0.04
2022 4 22 4 13 45.12 29.300244 107.887744 4.48 0.02
2022 4 22 5 5 24.44 29.316034 107.970915 2.65 0.3
2022 4 22 6 43 35.84 29.275966 107.834855 5.8 0.66
2022 4 22 6 52 7.06 29.337069 107.974455 2.28 0.46
2022 4 22 7 45 49.08 29.24102 108.118953 5.07 0.56
2022 4 22 8 22 52.68 29.316119 107.915877 3.26 0.62
2022 4 22 8 41 26.17 29.346474 108.078166 2.11 0.27
2022 4 22 8 57 23.83 29.389115 107.932023 7.58 0.63
2022 4 22 9 18 48.31 29.312712 107.91814 2.89 0.38
2022 4 22 9 24 19.71 29.319545 107.951196 2.79 1.08
2022 4 22 9 25 17.15 29.309556 107.974072 2.06 0.45
2022 4 22 9 45 10.47 29.347544 108.071183 1.23 0.72
2022 4 22 11 25 7.2 29.328906 107.95459 2.61 0.11
2022 4 22 11 25 10.98 29.330406 107.959774 1.28 0.42
2022 4 22 11 32 8.73 29.390082 107.934237 8.63 0.28
2022 4 22 12 6 51.28 29.323283 107.931746 3.71 0.36
2022 4 22 12 18 27.28 29.362113 108.033398 1.59 0.33
2022 4 22 12 40 8.55 29.32571 107.930729 2.65 0.22
2022 4 22 12 43 21.88 29.301876 107.905949 3.04 0.63
2022 4 22 13 14 38.15 29.320856 107.934473 3.92 0.88
2022 4 22 13 32 54.54 29.283372 108.043278 2.75 1.14
2022 4 22 13 53 44.34 29.278699 107.839062 5.3 1.06
2022 4 22 14 21 57.37 29.348745 108.078882 2.07 0.52
2022 4 22 14 50 57.88 29.318872 107.951506 2.86 0.73
2022 4 22 14 55 50.09 29.318913 107.950317 2.71 -0.41
2022 4 22 15 26 28.41 29.33796 107.974642 1.67 0.73
2022 4 22 15 40 35.07 29.317033 107.971501 2.59 0.28
2022 4 22 16 0 27.78 29.318583 107.916895 2.86 0.94
2022 4 22 16 11 14.8 29.361393 108.017977 2.18 0.59
2022 4 22 16 11 28.21 29.385744 107.932292 6.78 -0.02
2022 4 22 16 13 53.37 29.265112 108.084538 6.29 0.31
2022 4 22 16 17 28.51 29.293085 107.847331 6.9 0.42
2022 4 22 16 26 38.61 29.262272 108.095345 3.53 -0.95
2022 4 22 16 37 52.7 29.273342 108.08479 3.31 0.28
2022 4 22 18 12 53.57 29.307595 107.920133 3.46 0.3
2022 4 22 18 15 28.09 29.308858 107.84978 4.24 0.45
2022 4 22 18 18 36.85 29.32027 107.944523 2.82 0.66
2022 4 22 18 23 8.93 29.320903 107.947005 3.26 0.25
2022 4 22 18 45 14.85 29.353953 107.986938 2.5 0.19
2022 4 22 19 36 25.87 29.310946 107.876066 3.54 0.73
2022 4 22 20 4 11.58 29.319486 108.172437 4.17 0.11
2022 4 22 20 33 4.79 29.311753 107.963224 2.25 0.54
2022 4 22 21 12 17.69 29.314923 107.915731 2.22 0.28
2022 4 22 21 32 53.03 29.362152 108.033366 1.46 0.6
2022 4 22 21 38 15.58 29.381991 107.935311 9.23 0.3
2022 4 22 22 3 52.74 29.30047 107.904053 3.32 0.54
2022 4 22 22 6 56.22 29.30659 107.971273 2.02 0.49
2022 4 22 22 12 24.65 29.388222 107.943726 6.29 0.89
2022 4 22 22 14 45.53 29.280745 108.045955 3.2 0.16
2022 4 22 22 22 2.21 29.346393 108.077962 2.08 0.56
2022 4 22 22 28 39.69 29.316555 107.916081 3.24 0.51
2022 4 23 0 46 3.02 29.283441 108.042489 3.08 0.97
2022 4 23 0 46 44.52 29.245738 107.860807 3.92 0.65
2022 4 23 0 57 48.86 29.284717 108.040853 2.38 0.78
2022 4 23 1 47 18.76 29.396411 107.969385 5.28 -0.18
2022 4 23 2 14 15.58 29.348769 108.073714 1.63 0.84
2022 4 23 3 26 20.32 29.344387 108.08641 1.7 1.38
2022 4 23 3 29 45.76 29.201906 108.200749 18.59 0.67
2022 4 23 3 38 14.28 29.311558 107.92015 2.91 0.61
2022 4 23 3 59 1.08 29.361578 108.017839 2.18 0.68
2022 4 23 4 3 10.1 29.362174 108.033553 1.65 0.35
2022 4 23 4 32 43.1 29.316685 107.970947 2.27 0.4
2022 4 23 5 13 49.5 29.338 107.97452 1.93 0.41
2022 4 23 5 37 32.62 29.28653 107.881885 4.8 0.61
2022 4 23 6 9 33.8 29.319332 107.95109 2.88 0.62
2022 4 23 6 21 33.48 29.300647 107.862419 4.67 0.39
2022 4 23 7 55 43.12 29.269167 107.827588 5.99 0.47
2022 4 23 8 1 25.51 29.322595 107.92998 3.33 0.49
2022 4 23 8 23 16.64 29.326546 107.931405 2.49 0.19
2022 4 23 8 39 57.18 29.333142 107.976978 2.25 0.37
2022 4 23 8 59 56.8 29.349032 108.074601 1.59 0.69
2022 4 23 9 25 38.99 29.31181 107.918034 3.02 0.64
2022 4 23 10 55 19.22 29.318964 107.914469 2.69 0.98
2022 4 23 11 34 55.19 29.351363 107.988086 3.34 0.29
2022 4 23 12 35 13.56 29.283484 108.130998 6.38 0.51
2022 4 23 12 38 40.25 29.282298 108.132056 6.59 1.67
2022 4 23 12 42 30.63 29.281626 108.13304 6.64 0.34
2022 4 23 12 45 11.58 29.323983 107.952962 2.52 0.47
2022 4 23 12 49 0.84 29.332353 107.958594 1.61 0.62
2022 4 23 12 54 43.5 29.194969 108.204085 17.9 0.87
2022 4 23 13 53 30.56 29.323049 107.944385 2.48 0.63
2022 4 23 13 58 47.44 29.337844 107.9743 1.79 0.33
2022 4 23 14 7 6.64 29.316785 107.968693 2.71 0.85
2022 4 23 14 41 7.35 29.325675 108.157886 3.18 0.26
2022 4 23 15 9 30.82 29.362179 108.033781 1.7 0.81
2022 4 23 15 21 52.02 29.318756 107.951473 2.89 0.67
2022 4 23 16 20 29.61 29.301756 107.905949 3.12 0.49
2022 4 23 16 24 1.15 29.320933 107.947201 3.25 0.72
2022 4 23 16 29 8.25 29.346456 108.078451 2.13 0.33
2022 4 23 16 30 32.49 29.343575 108.086629 0.9 1.09
2022 4 23 17 42 39.94 29.313999 107.919059 2.81 0.5
2022 4 23 18 4 31.91 29.315859 107.915283 3.46 0.44
2022 4 23 18 28 20.13 29.361456 108.017985 2.17 0.71
2022 4 23 19 10 29.27 29.300635 107.904215 3.31 0.63
2022 4 23 20 21 32.2 29.28467 108.041626 2.35 0.31
2022 4 23 21 24 57.81 29.316187 107.970898 2.52 0.19
2022 4 23 21 37 2.4 29.309397 107.972681 2.31 0.42
2022 4 23 22 14 34.34 29.362156 108.033822 1.57 0.17
2022 4 23 22 24 13.79 29.284342 108.040698 2.46 0.83
2022 4 23 22 25 6.06 29.256616 107.808252 7.84 0.75
2022 4 23 22 55 11.12 29.390094 107.872135 3.54 -0.57
2022 4 24 0 43 1.35 29.337362 107.862728 1.77 0.57
2022 4 24 1 31 50.82 29.337217 107.974674 2.31 0.8
2022 4 24 1 32 58.4 29.316046 107.915649 3.35 0.38
2022 4 24 2 46 27.52 29.348798 108.077531 0.98 0.83
2022 4 24 2 49 27.28 29.290892 107.842415 3.81 0.11
2022 4 24 3 11 50.64 29.285266 107.876961 4.94 0.48
2022 4 24 3 17 40.36 29.296077 107.882129 3.59 0.52
2022 4 24 3 59 14.92 29.312984 107.919279 2.58 0.45
2022 4 24 4 58 55.48 29.368107 108.03776 2.18 -0.61
2022 4 24 5 20 59.08 29.257965 108.090845 5.66 -0.34
2022 4 24 6 2 19.88 29.276164 107.838354 5.54 0.62
2022 4 24 6 5 30.92 29.247803 108.095256 3.41 0.11
2022 4 24 6 40 14.38 29.319244 107.95118 2.79 0.05
2022 4 24 6 42 33.16 29.316022 107.97063 2.58 0.75
2022 4 24 6 57 0.92 29.331342 107.955884 2.06 0.2
2022 4 24 7 21 59.72 29.316577 107.969132 2.7 0.56
2022 4 24 7 49 25.14 29.349552 108.073429 1.83 1.06
2022 4 24 7 49 30.3 29.323458 107.930575 3.11 0.76
2022 4 24 7 50 34.24 29.344043 108.086499 1.76 0.92
2022 4 24 8 6 48.47 29.311857 107.917 2.65 0.33
2022 4 24 8 15 56.22 29.337893 107.974357 1.86 -0.12
2022 4 24 8 17 50.99 29.390415 107.919857 3.47 0.34
2022 4 24 8 22 54.09 29.322024 107.93217 3.42 0.64
2022 4 24 9 24 43.15 29.31734 107.916284 3.03 0.58
2022 4 24 10 53 38.11 29.361442 108.018359 2.21 0.59
2022 4 24 10 56 3.28 29.35128 107.988062 3.37 0.7
2022 4 24 11 58 54.96 29.346619 108.077808 2.06 1.55
2022 4 24 12 2 27.48 29.292574 107.90743 4.12 0.1
2022 4 24 12 36 47.07 29.28576 107.876131 3.09 0.19
2022 4 24 12 37 38.67 29.300187 107.862329 4.67 0.07
2022 4 24 12 53 2.29 29.362077 108.033854 1.57 0.73
2022 4 24 13 41 33.87 29.273069 107.771419 8.17 1.14
2022 4 24 15 45 28.41 29.320284 107.951107 2.04 0.89
2022 4 24 15 52 41.7 29.283639 108.042521 2.93 1.19
2022 4 24 17 25 16.87 29.301095 107.904386 3.29 0.57
2022 4 24 17 26 47.92 29.316178 107.915869 3.3 0.55
2022 4 24 17 28 7.96 29.34646 108.081071 1.17 0.95
2022 4 24 17 45 51.75 29.311609 107.918424 3.07 1.04
2022 4 24 17 58 26.12 29.303977 107.869092 4.2 0.81
2022 4 24 20 33 45.63 29.293284 107.879476 3.97 0.3
2022 4 24 21 8 45.81 29.363863 108.009294 2.62 -0.2
2022 4 24 21 16 47.0 29.309043 107.971859 2.26 0.66
2022 4 24 21 23 51.03 29.299585 107.903605 3.48 0.58
2022 4 24 21 27 34.62 29.312061 107.917871 2.8 0.5
2022 4 24 21 28 54.49 29.362199 108.034033 1.52 0.71
2022 4 24 21 39 15.63 29.337632 107.974487 2.08 0.54
2022 4 24 21 47 7.66 29.361432 108.017863 2.18 0.69
2022 4 24 22 27 58.18 29.292922 107.885189 5.34 0.56
2022 4 24 22 33 59.43 29.29894 107.888664 3.18 0.31
2022 4 24 22 38 55.21 29.283407 108.041715 2.81 0.7
2022 4 24 23 30 52.02 29.317159 107.971053 2.24 0.32
2022 4 24 23 49 49.88 29.204299 108.198462 20.24 0.61
2022 4 25 0 6 52.93 29.315737 107.917033 1.95 0.49
2022 4 25 0 15 50.95 29.385232 107.909741 1.94 -0.27
2022 4 25 0 26 44.25 29.283476 108.04279 2.95 0.78
2022 4 25 0 32 26.03 29.350562 108.073991 2.14 0.68
2022 4 25 0 34 10.51 29.31594 107.91547 3.37 0.24
2022 4 25 0 42 54.32 29.242611 108.11674 5.18 0.84
2022 4 25 1 32 29.92 29.318949 107.950985 2.98 -0.37
2022 4 25 1 35 24.0 29.316427 107.967977 3.08 0.44
2022 4 25 1 52 28.16 29.326508 107.929289 3.72 0.08
2022 4 25 2 43 14.24 29.400071 107.929207 3.89 0.69
2022 4 25 2 51 20.12 29.346608 108.077629 2.15 0.7
2022 4 25 3 30 57.92 29.327922 107.958447 1.53 0.34
2022 4 25 3 33 8.34 29.302586 107.865308 4.43 -0.5
2022 4 25 4 22 1.02 29.286296 108.037223 1.68 0.38
2022 4 25 5 53 41.92 29.323503 107.929924 2.96 0.26
2022 4 25 6 13 16.84 29.311853 107.917716 3.04 0.36
2022 4 25 6 18 2.44 29.318764 107.932821 3.53 0.45
2022 4 25 6 45 44.76 29.330849 107.955802 2.02 0.42
2022 4 25 6 55 20.08 29.34447 108.086702 1.79 -0.16
2022 4 25 7 31 55.12 29.316695 107.971191 2.3 0.4
2022 4 25 7 42 46.12 29.337494 107.974683 2.24 0.3
2022 4 25 8 25 37.41 29.315879 107.918962 1.74 0.27
2022 4 25 9 53 58.33 29.320986 107.947087 3.23 0.61
2022 4 25 10 24 37.77 29.362315 108.021021 3.16 0.2
2022 4 25 10 48 49.43 29.362105 108.034001 1.57 0.55
2022 4 25 10 53 30.47 29.361434 108.018132 2.22 0.67
2022 4 25 10 58 24.68 29.35528 107.98741 3.46 1.11
2022 4 25 13 8 41.44 29.320679 107.949495 2.15 0.27
2022 4 25 14 24 54.98 29.348576 108.074715 1.61 0.75
2022 4 25 14 50 4.89 29.339008 107.901424 2.74 0.52
2022 4 25 15 30 2.03 29.321047 107.945435 2.84 0.48
2022 4 25 16 19 39.94 29.303656 107.906323 2.92 0.51
2022 4 25 17 21 25.04 29.362095 108.033919 1.6 0.75
2022 4 25 18 28 33.19 29.316317 107.968896 2.87 0.58
2022 4 25 18 32 40.62 29.282507 108.047323 3.08 0.98
2022 4 25 18 40 55.55 29.337907 107.974463 1.97 0.07
2022 4 25 18 50 10.7 29.344025 108.085978 1.21 0.72
2022 4 25 19 24 57.67 29.284064 108.042074 2.57 0.24
2022 4 25 20 6 59.53 29.311757 107.917611 2.82 0.31
2022 4 25 20 43 37.17 29.27901 107.84305 6.24 0.69
2022 4 25 20 56 44.94 29.309932 107.972632 2.48 0.48
2022 4 25 21 20 5.22 29.317283 107.916024 3.01 0.47
2022 4 25 21 23 15.53 29.284029 107.838509 6.57 0.52
2022 4 25 21 28 37.98 29.307149 107.974056 1.95 0.45
2022 4 25 21 49 10.92 29.332967 107.904622 1.61 0.15
2022 4 25 21 53 36.28 29.363245 108.015259 2.92 -0.1
2022 4 25 22 1 21.38 29.264514 108.096737 6.48 0.24
2022 4 25 22 14 33.32 29.258537 108.098413 4.75 0.38
2022 4 25 22 36 43.66 29.361466 108.017993 2.19 0.5
2022 4 25 22 57 19.68 29.28704 108.041545 2.44 -0.15
2022 4 25 23 18 45.56 29.299833 107.903719 3.4 0.7
2022 4 25 23 26 10.96 29.300641 107.862817 4.7 -0.16
2022 4 26 0 2 24.18 29.313159 107.965763 2.57 -0.25
2022 4 26 0 14 51.9 29.346415 108.077856 2.1 1.04
2022 4 26 0 48 21.92 29.362109 108.034204 1.56 0.72
2022 4 26 0 58 23.4 29.268304 107.81862 7.14 0.43
2022 4 26 2 32 46.24 29.322496 107.930005 2.41 0.28
2022 4 26 3 0 2.76 29.320007 107.933154 3.7 0.78
2022 4 26 3 58 50.28 29.320782 107.950627 2.04 0.69
2022 4 26 4 54 16.2 29.350224 108.073747 2.25 0.74
2022 4 26 5 5 14.6 29.361412 107.911239 4.67 0.54
2022 4 26 5 19 41.88 29.310443 107.916406 3.41 0.19
2022 4 26 5 31 37.28 29.317124 107.916211 3.1 0.56
2022 4 26 5 39 22.86 29.337856 107.974691 1.95 1.03
2022 4 26 5 51 42.24 29.316048 107.971281 2.62 0.66
2022 4 26 6 15 21.96 29.318717 107.951514 2.88 1.1
2022 4 26 7 34 9.98 29.344202 108.086247 1.66 0.88
2022 4 26 8 1 19.26 29.376455 107.93763 3.84 0.42
2022 4 26 8 12 22.34 29.378719 107.936499 4.21 0.26
2022 4 26 8 38 10.47 29.323234 107.946631 1.93 0.75
2022 4 26 8 42 45.62 29.321631 107.947095 2.93 0.5
2022 4 26 9 42 33.3 29.301255 107.888647 3.52 0.3
2022 4 26 10 28 54.03 29.286312 108.040015 2.2 0.17
2022 4 26 10 59 16.14 29.362101 108.033765 1.56 0.59
2022 4 26 11 16 23.29 29.361334 108.01814 2.23 0.67
2022 4 26 11 22 1.12 29.253304 108.136483 6.46 1.09
2022 4 26 12 32 28.69 29.313273 107.918848 2.04 0.88
2022 4 26 12 49 36.29 29.316687 107.968962 2.58 0.47
2022 4 26 12 57 43.21 29.337545 107.974821 2.2 1.54
2022 4 26 13 6 57.4 29.31474 107.914486 3.58 0.62
2022 4 26 13 9 44.06 29.328719 107.957479 2.22 0.27
2022 4 26 13 15 49.18 29.330389 107.953084 1.95 0.46
2022 4 26 13 46 13.59 29.299087 107.861523 4.56 0.45
2022 4 26 13 49 53.93 29.376917 107.936491 4.63 0.85
2022 4 26 14 4 30.0 29.288218 107.837435 3.25 0.32
2022 4 26 14 10 27.51 29.346452 108.077653 2.11 0.35
2022 4 26 14 24 42.78 29.283708 108.042619 2.7 -0.13
2022 4 26 14 30 23.05 29.253851 108.097225 4.4 0.25
2022 4 26 15 3 50.68 29.302218 107.905811 3.0 0.34
2022 4 26 16 17 4.62 29.386896 107.903695 3.38 0.24
2022 4 26 17 13 37.55 29.356923 107.996061 5.14 0.07
2022 4 26 18 6 21.65 29.321281 107.949129 2.02 0.3
2022 4 26 18 16 39.22 29.318964 107.951066 2.95 0.66
2022 4 26 18 27 53.45 29.349742 108.072616 2.06 0.68
2022 4 26 18 29 13.91 29.362189 108.034147 1.59 0.14
2022 4 26 20 34 24.83 29.310042 107.971305 1.9 0.63
2022 4 26 20 40 45.79 29.298912 107.883936 3.32 0.38
2022 4 26 20 49 22.03 29.310445 107.971379 1.87 0.7
2022 4 26 21 26 20.76 29.33161 107.862752 3.38 0.49
2022 4 26 21 32 34.5 29.312425 107.977686 2.24 0.09
2022 4 26 21 51 59.11 29.316514 107.91591 3.19 0.36
2022 4 26 21 58 19.03 29.239886 107.847803 3.78 0.76
2022 4 26 22 25 30.44 29.389097 107.932772 7.61 0.8
2022 4 26 22 28 37.09 29.315493 107.918416 2.34 0.94
2022 4 26 22 54 42.76 29.285447 107.881038 4.86 0.58
2022 4 26 23 39 4.22 29.284414 108.04187 2.45 1.07
2022 4 27 0 29 11.72 29.299974 107.904134 3.39 0.63
2022 4 27 0 37 6.56 29.350118 108.073104 2.09 0.62
2022 4 27 0 37 45.63 29.281822 108.046981 3.36 -0.01
2022 4 27 0 40 46.93 29.337358 107.974829 2.36 0.73
2022 4 27 0 57 14.5 29.362067 108.033984 1.58 0.73
2022 4 27 1 1 52.38 29.301581 107.86355 4.63 0.26
2022 4 27 1 47 6.34 29.31864 107.951465 2.93 0.6
2022 4 27 2 58 23.12 29.417283 107.949219 3.97 0.31
2022 4 27 3 18 7.52 29.346594 108.077686 2.12 0.25
2022 4 27 3 54 57.8 29.316486 107.926758 3.98 0.47
2022 4 27 4 21 27.32 29.315228 107.938379 2.26 0.47
2022 4 27 4 25 49.28 29.31653 107.971647 2.29 0.04
2022 4 27 5 27 20.6 29.344049 108.086157 1.44 0.45
2022 4 27 6 30 12.56 29.27537 107.836198 5.58 0.52
2022 4 27 6 42 55.36 29.269293 108.08728 3.65 0.48
2022 4 27 7 11 45.52 29.311277 107.917546 3.01 0.62
2022 4 27 7 15 58.64 29.252791 108.097762 3.79 0.31
2022 4 27 7 20 30.5 29.316457 107.968506 3.01 0.57
2022 4 27 7 30 27.44 29.287126 108.038436 1.99 0.77
2022 4 27 7 36 33.76 29.361513 108.018335 2.08 0.6
2022 4 27 8 15 17.42 29.322327 107.945532 2.74 0.16
2022 4 27 8 16 50.24 29.337939 107.97465 1.83 -0.16
2022 4 27 9 10 3.56 29.382304 107.904622 3.02 -0.01
2022 4 27 9 25 28.44 29.35082 108.075016 1.97 0.26
2022 4 27 9 46 6.33 29.362081 108.034155 1.57 0.45
2022 4 27 10 37 47.03 29.300968 107.890096 3.13 0.33
2022 4 27 10 39 3.77 29.351286 107.983846 3.06 0.33
2022 4 27 12 4 48.99 29.398649 107.975057 6.51 0.26
2022 4 27 12 23 6.49 29.316136 107.97085 2.56 0.42
2022 4 27 13 14 53.7 29.330011 107.957503 2.24 0.42
2022 4 27 13 46 34.17 29.25768 107.797835 7.46 0.49
2022 4 27 14 23 37.69 29.300832 107.904232 3.38 1.25
2022 4 27 15 14 10.26 29.319104 107.951196 2.87 0.02
2022 4 27 15 31 13.25 29.35552 107.987093 2.78 0.39
2022 4 27 16 25 49.4 29.316252 107.968848 2.88 0.42
2022 4 27 16 53 56.91 29.33092 107.955835 1.99 0.28
2022 4 27 18 17 49.19 29.311407 107.917017 3.0 0.41
2022 4 27 18 26 23.36 29.36214 108.034115 1.53 0.57
2022 4 27 19 9 2.26 29.262659 107.817684 6.12 0.21
2022 4 27 19 15 6.53 29.344173 108.085986 1.3 1.95
2022 4 27 19 36 38.92 29.315354 107.918538 2.58 0.52
2022 4 27 19 57 51.54 29.337453 107.97526 2.33 0.22
2022 4 27 20 6 59.14 29.282619 107.844019 4.78 0.06
2022 4 27 20 15 25.07 29.321981 107.945011 2.66 0.32
2022 4 27 20 20 37.53 29.31759 107.916138 2.98 -0.09
2022 4 27 20 37 15.49 29.310494 107.9698 1.89 0.09
2022 4 27 21 6 32.03 29.308636 107.974919 1.65 0.76
2022 4 27 22 30 16.26 29.312142 107.875749 3.74 -0.02
2022 4 27 23 16 34.65 29.320837 107.947005 3.23 0.0
2022 4 27 23 27 4.28 29.349412 108.072827 1.88 0.48
2022 4 27 23 29 2.65 29.361454 108.018018 2.17 0.51
2022 4 27 23 39 42.49 29.283626 108.042619 2.87 0.75
2022 4 28 0 8 18.94 29.362091 108.034098 1.54 0.0
2022 4 28 0 48 25.96 29.298848 107.902588 4.03 0.12
2022 4 28 0 54 4.08 29.299943 107.901807 3.74 -0.14
2022 4 28 0 57 50.46 29.282286 108.054061 3.56 0.42
2022 4 28 1 4 26.26 29.317808 107.932552 3.39 0.14
2022 4 28 1 24 42.9 29.301898 107.903923 3.04 0.12
2022 4 28 1 31 26.84 29.346714 108.077702 2.12 0.17
2022 4 28 2 29 42.2 29.337793 107.974618 1.95 0.32
2022 4 28 2 42 27.0 29.281838 107.869539 4.61 1.3
2022 4 28 3 50 40.54 29.249544 108.121549 6.69 0.2
2022 4 28 4 27 44.28 29.319474 107.915234 2.49 0.71
2022 4 28 4 54 29.24 29.320256 107.951131 2.05 0.35
2022 4 28 5 0 48.44 29.283744 107.880965 4.9 0.48
2022 4 28 5 19 1.44 29.284914 108.039917 2.23 0.1
2022 4 28 5 28 2.72 29.273142 108.048991 3.88 0.59
2022 4 28 5 59 31.96 29.315576 107.916699 2.84 0.39
2022 4 28 8 30 37.29 29.316954 107.971289 2.24 0.42
2022 4 28 9 18 30.47 29.330221 107.957943 2.1 0.53
2022 4 28 9 25 45.02 29.331289 107.95717 1.72 0.62
2022 4 28 9 57 17.37 29.316506 107.968937 2.64 0.95
2022 4 28 10 3 17.72 29.316636 107.916317 1.8 0.66
2022 4 28 10 8 15.42 29.362071 108.034326 1.52 2.41
2022 4 28 11 33 24.85 29.347652 108.076123 1.28 0.2
2022 4 28 11 35 21.97 29.256014 107.811312 5.12 0.04
2022 4 28 12 48 14.13 29.301666 107.905143 3.14 0.07
2022 4 28 13 53 11.46 29.351361 107.988428 3.44 0.42
2022 4 28 14 13 15.42 29.349357 108.074544 1.65 1.01
2022 4 28 14 49 22.52 29.31248 107.916813 2.77 0.71
2022 4 28 15 28 33.42 29.329767 108.141732 3.72 0.01
2022 4 28 16 2 53.3 29.337573 107.974943 2.3 0.12
2022 4 28 16 21 27.91 29.32088 107.943245 3.12 0.28
2022 4 28 17 19 19.13 29.362085 108.034115 1.48 0.48
2022 4 28 17 30 47.97 29.318298 107.922168 2.69 0.47
2022 4 28 19 6 1.86 29.361633 108.022103 2.95 -0.07
2022 4 28 19 41 10.97 29.284554 108.041838 2.19 0.29
2022 4 28 20 19 32.93 29.278507 107.840877 5.75 0.36
2022 4 28 21 0 43.33 29.310331 107.972697 2.3 0.59
2022 4 28 21 5 17.39 29.256167 108.09668 5.28 -0.13
2022 4 28 21 31 35.06 29.309208 107.972892 1.75 0.43
2022 4 28 21 37 2.63 29.34786 107.986613 2.31 0.2
2022 4 28 21 51 21.87 29.320852 107.946981 3.23 0.24
2022 4 28 22 40 26.25 29.317784 108.200073 3.29 0.56
2022 4 28 23 10 26.4 29.384363 107.936304 7.42 0.89
2022 4 28 23 16 51.49 29.346753 108.077433 2.12 0.44
2022 4 28 23 36 3.13 29.362111 108.034229 1.49 0.22
2022 4 28 23 39 27.45 29.31676 107.971379 2.21 0.99
2022 4 29 0 46 51.92 29.286267 107.848486 4.24 0.15
2022 4 29 1 1 58.06 29.366728 108.028247 1.97 -0.43
2022 4 29 1 33 53.52 29.291207 107.840422 4.75 0.39
2022 4 29 1 52 1.04 29.294897 107.851864 5.46 0.31
2022 4 29 1 55 1.98 29.278469 108.045174 2.49 0.56
2022 4 29 2 23 58.38 29.317299 107.933008 3.69 0.35
2022 4 29 2 26 43.24 29.316166 107.96923 2.98 0.37
2022 4 29 2 38 29.0 29.285057 108.040169 2.27 0.5
2022 4 29 2 59 7.66 29.319328 107.933537 3.12 1.01
2022 4 29 3 9 15.14 29.31169 107.917236 3.07 0.46
2022 4 29 4 29 4.48 29.315588 107.915283 3.38 0.51
2022 4 29 4 42 23.22 29.318608 107.951253 2.89 0.61
2022 4 29 5 21 3.72 29.294204 107.887052 4.24 0.52
2022 4 29 5 30 33.68 29.349624 108.072754 2.15 0.69
2022 4 29 8 22 52.11 29.378048 107.935954 3.77 -0.15
2022 4 29 8 49 53.45 29.258655 108.093929 3.03 0.26
2022 4 29 9 14 14.87 29.315865 107.970776 2.66 0.39
2022 4 29 10 4 45.9 29.321084 107.944873 3.37 0.58
2022 4 29 11 5 30.38 29.362142 108.034245 1.58 0.59
2022 4 29 11 9 47.35 29.33066 107.955379 2.28 0.64
2022 4 29 11 19 44.46 29.30993 107.917432 3.44 0.36
2022 4 29 11 29 5.22 29.30237 107.905998 3.0 0.65
2022 4 29 12 54 26.24 29.34882 108.072835 1.37 0.41
2022 4 29 13 9 59.09 29.346674 108.07762 2.15 -0.05
2022 4 29 13 27 2.76 29.320803 107.950814 2.07 0.68
2022 4 29 14 13 9.05 29.286654 107.852905 5.22 0.69
2022 4 29 14 23 32.35 29.310496 107.97277 1.91 0.32
2022 4 29 14 24 53.03 29.311473 107.888745 5.12 0.55
2022 4 29 15 17 14.79 29.284375 107.845955 5.44 0.01
2022 4 29 15 21 42.18 29.361525 108.018636 2.29 0.64
2022 4 29 15 49 24.44 29.348391 107.983244 2.51 0.14
2022 4 29 15 50 52.35 29.321307 108.166121 3.46 0.57
2022 4 29 16 21 48.61 29.313169 107.917269 1.97 0.22
2022 4 29 16 39 46.39 29.28703 108.04021 2.1 0.47
2022 4 29 18 13 59.23 29.337931 107.974715 1.94 1.09
2022 4 29 18 21 14.62 29.320693 107.946956 3.25 0.16
2022 4 29 20 6 36.06 29.362063 108.034351 1.53 0.63
2022 4 29 20 13 40.05 29.349227 108.073413 1.72 0.53
2022 4 29 21 54 9.39 29.289604 108.036157 1.5 -0.41
2022 4 29 21 58 22.04 29.316425 107.969556 2.35 0.59
2022 4 29 22 6 51.05 29.310616 107.916602 3.25 0.43
2022 4 29 22 29 50.44 29.284202 108.04091 2.7 0.35
2022 4 29 23 44 17.31 29.362439 108.032072 1.03 -0.38
2022 4 30 0 17 48.37 29.31734 107.915837 2.98 0.11
2022 4 30 0 36 48.24 29.344141 108.086442 2.0 0.85
2022 4 30 2 2 17.56 29.313432 107.876945 3.57 0.74
2022 4 30 3 15 44.28 29.316522 107.971525 2.29 0.44
2022 4 30 3 18 41.78 29.322888 107.928939 2.29 0.02
2022 4 30 3 51 0.46 29.300338 107.900749 4.47 0.41
2022 4 30 3 55 28.16 29.284509 108.042464 2.68 0.06
2022 4 30 4 27 59.12 29.338037 107.974927 1.87 0.42
2022 4 30 5 20 43.4 29.320736 107.951204 1.93 0.65
2022 4 30 6 1 26.64 29.280499 107.83995 5.21 0.37
2022 4 30 7 9 47.48 29.296 107.88208 3.84 0.21
2022 4 30 7 16 22.8 29.405123 107.973576 2.09 0.07
2022 4 30 7 18 6.6 29.330475 107.956803 1.91 0.52
2022 4 30 8 1 52.98 29.315894 107.913761 3.09 0.54
2022 4 30 8 8 56.39 29.349495 108.07443 1.92 1.18
2022 4 30 9 10 23.86 29.326296 107.955745 3.04 0.37
2022 4 30 9 18 20.33 29.309764 107.972803 1.34 0.42
2022 4 30 9 18 34.51 29.312775 107.916414 2.21 0.69
2022 4 30 9 19 0.42 29.361877 108.035392 1.06 0.61
2022 4 30 9 48 26.15 29.308209 107.977165 1.06 0.45
2022 4 30 10 2 53.3 29.347099 108.07863 1.99 0.51
2022 4 30 12 41 40.13 29.361233 108.021574 1.82 0.3
2022 4 30 13 42 12.46 29.339532 107.975301 2.43 0.24
2022 4 30 15 37 45.08 29.318589 107.950838 2.9 0.68
2022 4 30 15 42 23.73 29.362067 108.035352 1.1 -0.07
2022 4 30 16 6 9.35 29.323582 107.945231 3.33 0.43
2022 4 30 16 14 36.86 29.371602 107.93374 2.52 -0.48
2022 4 30 16 20 44.16 29.350641 108.077148 1.79 0.69
2022 4 30 16 25 36.84 29.315092 107.969287 2.71 0.6
2022 4 30 16 57 45.79 29.285999 108.042017 0.9 1.03
2022 4 30 17 1 24.19 29.345109 108.077596 1.83 0.19
2022 4 30 17 5 9.87 29.312791 107.923983 0.94 0.3
2022 4 30 17 28 27.65 29.316178 107.91814 2.93 0.54
2022 4 30 17 46 0.03 29.323838 107.946167 2.76 0.56
2022 4 30 18 0 50.47 29.279313 107.868604 6.07 0.72
2022 4 30 19 26 47.93 29.352504 107.989844 2.72 0.14
2022 4 30 19 39 41.92 29.278969 107.873674 4.65 0.84
2022 4 30 20 32 58.89 29.277183 108.056429 3.29 0.39
2022 4 30 20 37 39.33 29.377669 107.936963 4.13 -0.08
2022 4 30 20 43 3.48 29.315853 107.974268 2.0 0.3
2022 4 30 21 45 53.91 29.340686 107.976009 2.02 0.32
2022 4 30 22 5 29.0 29.286192 108.041309 1.23 -0.01
2022 4 30 22 25 49.62 29.309558 107.91394 2.54 -0.12
2022 4 30 23 30 52.63 29.361849 108.035034 1.1 -0.24
2022 4 30 23 45 54.72 29.350948 108.073543 1.39 0.43
2022 5 1 0 21 27.38 29.284729 108.045809 2.22 0.94
2022 5 1 0 48 20.36 29.29363 107.877905 3.79 0.69
2022 5 1 1 7 13.06 29.316581 107.971875 2.0 0.19
2022 5 1 1 14 50.22 29.307784 107.975985 1.28 0.03
2022 5 1 1 24 55.3 29.363873 108.014201 2.16 0.27
2022 5 1 1 54 6.78 29.36165 108.02133 1.57 0.63
2022 5 1 1 56 24.56 29.347888 108.078239 1.74 0.78
2022 5 1 2 9 15.96 29.352985 107.988322 2.56 0.27
2022 5 1 2 50 17.28 29.37428 107.935669 3.31 0.29
2022 5 1 3 28 35.08 29.289909 107.881453 3.86 0.71
2022 5 1 3 51 4.4 29.316005 107.972713 2.25 0.35
2022 5 1 4 53 21.48 29.322042 107.931999 3.19 0.6
2022 5 1 5 24 18.32 29.319472 107.951571 2.48 0.63
2022 5 1 5 30 58.92 29.320671 107.949308 3.5 0.0
2022 5 1 6 15 32.16 29.310374 107.91543 2.54 0.39
2022 5 1 6 39 29.24 29.350405 108.074349 2.2 0.7
2022 5 1 7 39 37.68 29.340352 107.974976 1.83 0.44
2022 5 1 8 11 9.31 29.316423 107.91582 3.15 0.45
2022 5 1 10 7 31.52 29.314779 107.916488 1.74 0.18
2022 5 1 10 35 8.09 29.317424 107.911548 2.69 0.02
2022 5 1 11 18 30.35 29.296379 107.862223 4.05 0.64
2022 5 1 12 52 39.13 29.349729 108.072412 1.72 0.6
2022 5 1 13 39 15.93 29.316081 107.920833 2.9 0.97
2022 5 1 13 46 18.96 29.28634 108.040568 1.6 0.84
2022 5 1 13 51 51.08 29.283075 107.843563 4.72 0.62
2022 5 1 13 57 52.84 29.317896 107.919035 3.51 1.41
2022 5 1 14 18 28.58 29.317851 107.951424 2.87 0.65
2022 5 1 16 4 46.42 29.311479 107.916976 2.51 0.53
2022 5 1 16 28 44.35 29.348946 108.075252 1.63 0.52
2022 5 1 17 23 17.43 29.316797 107.915682 2.87 0.57
2022 5 1 17 40 34.87 29.310642 107.971493 1.48 0.39
2022 5 1 17 56 34.84 29.286123 108.041715 2.17 0.4
2022 5 1 18 9 53.76 29.2914 107.882886 3.88 0.59
2022 5 1 18 13 28.25 29.307489 107.976514 2.72 0.45
2022 5 1 19 25 26.51 29.316136 107.970435 2.51 0.37
2022 5 1 19 31 44.85 29.349184 108.073722 1.6 0.69
2022 5 1 19 35 13.3 29.340906 108.085238 1.27 0.15
2022 5 1 20 3 42.87 29.292574 107.856795 3.65 0.41
2022 5 1 22 16 8.03 29.286169 108.040731 2.05 0.35
2022 5 1 23 15 52.49 29.321985 107.946265 2.42 0.75
2022 5 1 23 19 24.55 29.321788 107.945736 3.33 0.85
2022 5 2 0 13 25.77 29.242544 108.106152 4.92 0.45
2022 5 2 0 22 47.82 29.291307 107.830916 3.67 0.64
2022 5 2 0 53 44.98 29.315892 107.915186 3.09 0.88
2022 5 2 1 26 9.08 29.291396 107.884627 3.58 0.74
2022 5 2 1 30 18.12 29.314205 107.969832 1.53 0.31
2022 5 2 2 45 53.32 29.310482 107.916048 2.99 0.45
2022 5 2 3 50 53.82 29.290287 107.850309 4.19 0.3
2022 5 2 4 28 36.44 29.313243 107.878548 3.46 0.2
2022 5 2 5 27 2.5 29.296588 107.860067 4.53 0.86
2022 5 2 5 27 44.08 29.319088 107.933936 3.42 0.18
2022 5 2 6 3 24.8 29.311863 107.878589 1.98 0.15
2022 5 2 6 27 26.04 29.328269 107.957723 1.86 0.36
2022 5 2 6 30 4.26 29.326204 107.95848 2.39 0.71
2022 5 2 7 31 12.9 29.319423 107.951465 2.35 0.32
2022 5 2 7 36 39.18 29.249504 108.102026 4.46 0.86
2022 5 2 7 43 28.28 29.282385 107.843856 4.65 0.56
2022 5 2 9 9 12.7 29.31569 107.916154 2.75 0.39
2022 5 2 9 10 24.12 29.316553 107.972754 2.19 0.35
2022 5 2 9 17 8.91 29.316909 107.913786 2.93 0.6
2022 5 2 9 40 21.76 29.339242 107.973454 1.54 0.65
2022 5 2 9 46 48.33 29.3118 107.918188 3.25 0.58
2022 5 2 12 40 2.56 29.349526 108.076253 1.12 1.06
2022 5 2 13 14 44.12 29.28469 108.042122 1.41 1.71
2022 5 2 13 16 19.51 29.349528 108.074788 1.73 0.94
2022 5 2 13 21 47.71 29.316309 107.94847 1.79 0.57
2022 5 2 14 13 45.86 29.316201 107.970435 2.63 0.29
2022 5 2 14 22 7.02 29.314321 107.914404 2.26 0.44
2022 5 2 15 29 27.49 29.362211 108.035181 1.4 0.87
2022 5 2 16 17 51.69 29.318111 107.91744 2.41 0.52
2022 5 2 16 41 19.18 29.35283 107.989201 2.02 0.47
2022 5 2 16 47 22.07 29.350163 108.077222 2.91 0.25
2022 5 2 17 42 31.99 29.311157 107.976164 1.36 0.15
2022 5 2 17 46 59.33 29.361082 108.022323 2.06 0.81
2022 5 2 19 32 50.86 29.339172 107.974284 2.2 -0.31
2022 5 2 21 43 27.29 29.344674 108.086475 1.61 0.71
2022 5 2 22 18 16.4 29.361936 108.034465 0.97 0.28
2022 5 2 22 27 8.67 29.315428 107.968962 2.05 1.03
2022 5 2 22 32 25.47 29.349105 108.073543 1.8 0.51
2022 5 2 22 55 30.86 29.352681 107.990999 2.41 0.19
2022 5 2 23 2 18.88 29.32467 107.944613 2.16 0.06
2022 5 3 0 0 13.88 29.320542 108.158236 3.44 0.61
2022 5 3 0 26 47.34 29.318125 108.166203 3.85 0.82
2022 5 3 0 34 15.35 29.31637 107.914144 3.01 0.27
2022 5 3 0 47 57.0 29.359127 108.035604 1.51 0.12
2022 5 3 1 1 0.56 29.315802 107.972453 2.45 0.35
2022 5 3 1 49 26.02 29.361709 108.01945 1.62 0.04
2022 5 3 3 36 24.56 29.323429 107.946069 2.88 0.07
2022 5 3 4 20 37.84 29.285459 108.040601 1.82 0.4
2022 5 3 4 46 38.14 29.318976 107.934749 3.03 0.1
2022 5 3 5 10 54.24 29.348759 108.07242 1.33 1.13
2022 5 3 5 11 56.74 29.330918 107.959229 1.98 0.57
2022 5 3 5 14 10.24 29.32867 107.958626 2.21 0.3
2022 5 3 6 8 24.8 29.339315 107.974276 1.99 -0.37
2022 5 3 6 33 27.12 29.395296 107.903817 3.0 0.31
2022 5 3 6 36 40.32 29.395184 107.902995 2.4 0.93
2022 5 3 6 40 56.76 29.36178 107.923145 5.74 -0.16
2022 5 3 7 10 58.12 29.373655 107.92089 6.21 0.71
2022 5 3 9 35 38.12 29.397361 107.925936 2.21 0.6
2022 5 3 10 2 3.38 29.372286 107.940365 1.53 -0.31
2022 5 3 10 15 19.11 29.318056 107.914217 2.83 0.31
2022 5 3 10 22 20.94 29.306905 107.971688 2.21 0.65
2022 5 3 10 23 25.48 29.319401 107.922127 2.12 0.64
2022 5 3 11 2 50.72 29.286452 108.042432 1.62 0.92
2022 5 3 11 6 36.08 29.307662 107.974186 1.34 -0.33
2022 5 3 12 22 41.71 29.362199 108.034676 1.54 0.75
2022 5 3 12 35 26.53 29.34965 108.074569 1.32 0.51
2022 5 3 13 26 29.14 29.330288 107.958122 2.16 -0.11
2022 5 3 13 37 0.69 29.29719 107.890454 1.86 0.41
2022 5 3 13 54 8.79 29.348214 108.077865 1.44 1.05
2022 5 3 14 15 12.66 29.388247 107.932699 1.62 0.62
2022 5 3 14 20 9.56 29.36122 108.011743 1.98 0.04
2022 5 3 14 34 27.23 29.338863 107.97334 2.0 0.46
2022 5 3 14 52 8.56 29.36107 108.020671 2.05 0.29
2022 5 3 15 6 56.41 29.315169 107.914526 2.42 0.43
2022 5 3 16 16 13.9 29.379574 107.94161 2.35 0.38
2022 5 3 16 16 57.88 29.379045 107.948494 0.58 0.67
2022 5 3 16 55 37.25 29.305241 107.903914 2.24 0.56
2022 5 3 17 13 6.76 29.351471 107.990723 3.08 0.61
2022 5 3 17 30 46.84 29.318325 107.914925 2.75 0.74
2022 5 3 17 31 26.04 29.319609 107.952775 2.34 0.62
2022 5 3 17 38 12.94 29.319924 107.949967 2.91 -0.07
2022 5 3 17 49 28.44 29.321143 107.94742 2.02 0.26
2022 5 3 17 50 42.32 29.314581 107.970711 2.72 0.45
2022 5 3 18 29 42.76 29.328249 107.961702 1.65 -0.11
2022 5 3 18 43 43.61 29.362085 108.034847 1.58 0.33
2022 5 3 19 11 19.27 29.314252 107.917171 2.66 0.25
2022 5 3 20 2 8.58 29.350743 108.072127 1.62 0.56
2022 5 3 20 21 38.8 29.388721 107.930941 0.76 0.05
2022 5 3 20 38 56.34 29.325041 108.162313 3.12 0.72
2022 5 3 21 58 37.42 29.319452 107.952775 2.6 1.48
2022 5 3 22 6 30.95 29.3198 107.949162 2.22 1.67
2022 5 3 22 47 38.61 29.323399 107.946069 3.42 1.67
2022 5 3 22 54 11.52 29.285124 108.04196 2.17 0.14
2022 5 3 23 18 30.18 29.342721 108.089518 1.58 0.43
2022 5 4 0 20 31.72 29.338904 107.972632 2.38 0.6
2022 5 4 1 12 26.88 29.361348 108.021973 2.22 -0.02
2022 5 4 1 18 59.42 29.36212 108.034847 1.54 0.84
2022 5 4 1 32 34.74 29.316178 107.973397 1.93 0.44
2022 5 4 1 36 5.52 29.317771 107.914445 2.89 0.35
2022 5 4 1 45 20.32 29.360712 108.021281 2.07 -0.57
2022 5 4 1 48 48.12 29.31461 107.971574 2.5 0.72
2022 5 4 1 51 37.48 29.317637 107.93256 3.38 0.66
2022 5 4 2 12 42.44 29.35376 107.991781 1.77 0.2
2022 5 4 3 43 0.64 29.387197 107.93116 1.45 -0.24
2022 5 4 5 5 4.78 29.325173 108.161564 3.07 0.65
2022 5 4 5 57 34.84 29.316266 107.97015 2.15 0.46
2022 5 4 6 11 25.24 29.38221 107.929777 2.13 -0.11
2022 5 4 7 16 35.68 29.283982 108.043905 2.58 0.79
2022 5 4 7 22 20.96 29.338564 107.973267 2.38 0.81
2022 5 4 8 48 46.73 29.350112 108.073796 2.08 0.66
2022 5 4 8 48 59.3 29.307819 107.975228 3.25 0.47
2022 5 4 9 27 32.55 29.342771 108.085775 1.17 0.97
2022 5 4 10 36 22.86 29.314933 107.97474 2.75 0.47
2022 5 4 11 22 14.78 29.329327 107.958439 2.19 0.29
2022 5 4 12 13 31.69 29.327763 107.958927 1.95 0.55
2022 5 4 12 34 25.81 29.361882 108.021842 1.94 0.81
2022 5 4 13 55 2.17 29.347351 108.076424 1.99 1.32
2022 5 4 14 1 23.17 29.324032 107.945581 2.32 0.34
2022 5 4 14 20 15.7 29.361825 108.034513 1.11 1.07
2022 5 4 15 0 56.72 29.34974 108.073299 1.44 0.8
2022 5 4 15 10 41.23 29.314311 107.920264 2.98 0.5
2022 5 4 15 48 8.24 29.339195 107.973812 1.93 1.03
2022 5 4 16 2 31.75 29.323995 107.91766 1.82 0.35
2022 5 4 16 48 5.17 29.317763 107.951538 3.01 0.28
2022 5 4 17 9 19.56 29.333677 107.959001 1.85 0.57
2022 5 4 17 43 36.56 29.309322 107.906641 2.27 0.2
2022 5 4 17 54 37.76 29.30213 107.900456 3.09 0.7
2022 5 4 18 54 59.6 29.312846 107.916886 2.47 0.47
2022 5 4 21 5 3.82 29.325256 108.159098 3.26 0.05
2022 5 4 21 12 20.7 29.329856 107.958911 2.19 -0.03
2022 5 4 21 46 7.2 29.301082 107.88361 5.33 0.12
2022 5 4 21 55 38.0 29.337807 107.975334 2.44 0.35
2022 5 4 22 30 56.76 29.362091 108.034644 1.34 0.4
2022 5 4 22 41 20.99 29.345441 107.986963 2.75 -0.35
2022 5 4 23 39 55.92 29.343276 108.086003 1.52 0.37
2022 5 5 0 11 52.23 29.315358 107.916479 3.0 0.41
2022 5 5 0 19 9.69 29.31571 107.882349 4.1 0.13
2022 5 5 0 27 1.81 29.287565 107.851237 4.67 0.6
2022 5 5 0 29 3.4 29.349349 108.072941 2.01 0.45
2022 5 5 0 35 46.63 29.28135 107.842765 5.08 0.15
2022 5 5 0 56 52.74 29.315566 107.972021 2.65 0.36
2022 5 5 1 10 57.88 29.318286 107.951229 2.85 -0.27
2022 5 5 1 15 28.9 29.319639 107.950968 1.81 0.45
2022 5 5 1 21 37.04 29.319985 107.950928 1.74 0.04
2022 5 5 2 13 34.2 29.316823 107.971069 1.05 -0.44
2022 5 5 2 14 35.8 29.284068 108.041121 2.63 -0.07
2022 5 5 2 19 26.44 29.315892 107.968815 2.81 0.41
2022 5 5 3 29 8.72 29.283675 108.04257 2.7 0.9
2022 5 5 3 40 35.48 29.319946 107.930363 3.14 0.59
2022 5 5 3 50 41.72 29.375623 107.915332 2.28 0.43
2022 5 5 4 27 25.24 29.312612 107.770117 5.47 0.72
2022 5 5 5 30 15.48 29.317454 107.970923 1.83 0.62
2022 5 5 5 44 29.28 29.362327 108.034701 1.4 0.09
2022 5 5 6 47 33.02 29.241673 108.107015 3.73 0.52
2022 5 5 7 0 42.44 29.310048 107.763639 6.04 0.42
2022 5 5 7 25 19.12 29.318829 107.907218 6.33 0.26
2022 5 5 7 52 23.16 29.349375 108.073006 1.94 0.56
2022 5 5 8 1 7.07 29.308962 107.764779 5.44 0.95
2022 5 5 8 45 58.73 29.333459 108.141154 1.7 0.75
2022 5 5 9 0 58.75 29.316355 107.920117 1.65 0.73
2022 5 5 9 2 17.01 29.309047 107.97749 1.56 0.55
2022 5 5 9 27 42.48 29.309334 107.976912 1.52 0.9
2022 5 5 9 34 21.71 29.315133 107.915234 3.47 0.7
2022 5 5 9 51 31.66 29.337522 108.125024 2.78 0.48
2022 5 5 10 9 44.23 29.338436 107.974984 2.29 0.28
2022 5 5 10 13 6.77 29.316331 107.969368 2.37 0.47
2022 5 5 10 43 45.87 29.315481 107.972518 2.44 0.63
2022 5 5 11 2 18.26 29.319029 108.202466 3.86 0.93
2022 5 5 11 3 37.32 29.320048 107.921753 2.33 0.44
2022 5 5 11 24 58.07 29.320256 107.920199 2.15 0.57
2022 5 5 11 49 17.01 29.215987 108.155933 6.55 0.59
2022 5 5 12 6 43.9 29.376145 107.944694 1.19 0.21
2022 5 5 12 29 49.19 29.275193 107.72924 1.91 0.63
2022 5 5 13 19 39.47 29.378402 107.90686 1.76 0.7
2022 5 5 13 37 48.75 29.299693 107.903581 3.18 0.93
2022 5 5 16 37 29.35 29.338373 107.975431 2.18 0.71
2022 5 5 16 59 44.87 29.32299 107.945166 2.72 0.08
2022 5 5 17 0 23.14 29.315784 107.916284 3.0 0.67
2022 5 5 17 5 7.27 29.353428 107.992424 3.12 0.62
2022 5 5 17 18 51.27 29.322776 107.944792 2.95 0.16
2022 5 5 17 52 0.78 29.337166 108.170549 6.52 0.43
2022 5 5 18 1 33.96 29.316724 107.969539 2.28 0.73
2022 5 5 18 13 21.91 29.323887 108.176921 3.91 0.42
2022 5 5 19 11 3.86 29.312752 107.914478 2.7 0.59
2022 5 5 19 23 15.24 29.31627 107.972599 1.95 0.6
2022 5 5 19 50 22.39 29.273531 107.869141 4.74 0.52
2022 5 5 20 15 51.31 29.362309 108.034798 1.29 0.79
2022 5 5 20 29 57.35 29.348527 108.073885 1.81 0.02
2022 5 5 20 33 57.0 29.330025 107.959261 1.95 0.86
2022 5 5 20 36 30.99 29.329913 107.95835 1.99 0.19
2022 5 5 21 9 12.62 29.347404 108.076611 1.77 0.73
2022 5 5 21 19 1.7 29.318402 107.95153 2.78 0.54
2022 5 5 21 21 4.63 29.28441 108.042212 2.46 0.43
2022 5 5 21 25 32.2 29.318943 107.952913 1.5 0.33
2022 5 5 21 36 1.95 29.316052 107.974235 1.74 0.84
2022 5 5 21 36 19.39 29.31994 107.931502 3.48 0.74
2022 5 5 22 17 26.99 29.31428 107.917928 1.66 0.04
2022 5 5 22 23 33.52 29.285325 108.040592 2.24 0.88
2022 5 5 22 26 8.63 29.265273 108.086434 4.71 0.24
2022 5 5 22 26 49.56 29.361188 108.018555 2.23 0.59
2022 5 5 22 49 20.53 29.266158 108.088721 4.65 0.6
2022 5 5 23 20 1.71 29.343406 108.086458 1.74 0.1
2022 5 5 23 20 50.59 29.320292 107.921696 2.03 0.09
2022 5 5 23 31 12.67 29.362736 107.920215 1.15 -0.2
2022 5 6 0 9 58.36 29.317963 107.948079 1.36 0.58
2022 5 6 0 40 43.71 29.311603 107.915763 3.06 0.46
2022 5 6 1 20 23.44 29.337946 107.975358 2.39 0.7
2022 5 6 2 49 0.32 29.324445 108.164185 3.63 0.46
2022 5 6 3 3 26.72 29.315186 107.915706 3.31 0.5
2022 5 6 3 6 6.84 29.324221 108.164412 3.59 0.73
2022 5 6 3 26 7.48 29.320278 107.951953 2.02 0.71
2022 5 6 3 31 5.98 29.286182 108.040592 1.57 0.17
2022 5 6 3 41 48.14 29.31995 107.951139 1.81 0.21
2022 5 6 4 39 25.56 29.362148 108.034595 1.44 0.33
2022 5 6 5 18 7.2 29.25941 108.094523 2.72 0.78
2022 5 6 5 26 31.1 29.28986 107.87863 3.54 0.17
2022 5 6 5 29 14.18 29.315546 107.971891 2.41 0.29
2022 5 6 5 46 35.66 29.317133 107.969385 2.18 -0.46
2022 5 6 6 2 27.24 29.262893 108.094621 5.81 0.48
2022 5 6 6 32 33.78 29.305721 107.893612 2.18 -0.05
2022 5 6 7 30 0.04 29.348352 108.074976 2.83 0.11
2022 5 6 7 35 16.68 29.349634 108.07194 1.6 0.51
2022 5 6 8 9 31.58 29.338692 107.975301 2.04 0.3
2022 5 6 9 10 39.61 29.309257 107.977669 1.54 0.44
2022 5 6 9 24 40.97 29.321299 107.944019 3.74 0.17
2022 5 6 9 34 57.67 29.309751 107.977124 1.5 -0.29
2022 5 6 9 40 51.33 29.269861 108.117725 2.39 -0.29
2022 5 6 10 1 43.18 29.337669 108.124365 2.84 0.5
2022 5 6 10 12 42.93 29.289785 107.881429 3.72 0.65
2022 5 6 10 33 27.73 29.359609 108.016089 3.48 0.52
2022 5 6 10 42 31.11 29.316899 107.91792 2.69 0.68
2022 5 6 11 22 36.83 29.361515 108.018921 2.27 0.7
2022 5 6 11 47 47.24 29.362189 108.035091 1.39 0.18
2022 5 6 11 54 3.13 29.211159 108.154525 4.2 1.78
2022 5 6 11 57 10.13 29.319885 107.919613 1.79 -0.09
2022 5 6 11 59 9.53 29.343451 108.086003 1.41 -0.33
2022 5 6 12 18 20.91 29.31746 107.919881 2.75 -0.46
2022 5 6 12 52 2.75 29.278939 107.839803 5.11 -0.47
2022 5 6 13 38 39.14 29.353607 107.992253 3.14 0.51
2022 5 6 13 47 15.53 29.299799 107.888289 2.83 0.16
2022 5 6 13 50 24.56 29.319377 108.081559 1.92 0.57
2022 5 6 14 8 49.7 29.349166 108.072591 1.4 0.42
2022 5 6 14 37 41.03 29.303485 107.906551 2.69 -0.19
2022 5 6 14 42 53.49 29.316718 107.970093 2.21 -0.13
2022 5 6 15 0 32.15 29.322876 107.944604 2.9 0.08
2022 5 6 15 53 58.36 29.307595 107.976375 2.6 0.35
2022 5 6 16 6 24.66 29.284593 108.041829 2.47 1.09
2022 5 6 17 14 29.74 29.333362 108.086865 5.42 0.16
2022 5 6 17 21 17.59 29.246716 108.104631 2.78 0.08
2022 5 6 17 33 26.63 29.321745 107.919515 1.37 0.61
2022 5 6 17 34 1.73 29.32995 107.959237 2.0 -0.37
2022 5 6 17 37 8.87 29.330131 107.958122 1.88 -0.07
2022 5 6 18 43 27.34 29.325604 108.1587 3.02 0.75
2022 5 6 19 48 27.82 29.362229 108.034831 1.3 -0.23
2022 5 6 20 11 41.66 29.315497 107.972567 2.48 0.45
2022 5 6 20 51 37.02 29.28358 108.041276 2.75 0.84
2022 5 6 21 31 40.49 29.349072 108.07229 1.35 0.65
2022 5 6 22 31 35.55 29.358378 108.018538 2.62 -0.39
2022 5 6 22 41 5.01 29.331283 107.958162 1.43 -0.11
2022 5 6 23 13 43.04 29.311552 107.914974 2.58 0.24
2022 5 6 23 26 41.76 29.320856 107.931185 2.93 -0.05
2022 5 6 23 36 55.71 29.322243 107.930469 2.86 -0.42
2022 5 7 1 30 20.68 29.248429 108.106738 4.04 0.45
2022 5 7 1 51 18.6 29.314087 107.918335 2.42 0.12
2022 5 7 2 21 29.56 29.343355 108.086369 1.67 0.12
2022 5 7 2 46 5.44 29.337685 107.975602 2.53 0.57
2022 5 7 2 53 8.32 29.319993 107.952197 1.98 0.5
2022 5 7 2 56 44.32 29.319377 107.95144 1.9 0.11
2022 5 7 3 2 18.52 29.319897 107.951139 1.92 -0.46
2022 5 7 3 18 57.32 29.322123 107.945435 2.77 0.38
2022 5 7 3 28 42.72 29.314832 107.915869 3.26 0.52
2022 5 7 3 48 2.76 29.347489 108.076595 2.01 0.48
2022 5 7 4 33 26.5 29.314921 107.972526 2.6 0.26
2022 5 7 4 34 26.64 29.319047 108.169474 3.33 0.23
2022 5 7 4 49 29.58 29.289079 107.879688 3.79 0.4
2022 5 7 4 49 49.52 29.323236 108.169694 3.93 0.56
2022 5 7 4 57 52.7 29.289948 108.042782 0.82 -0.13
2022 5 7 5 9 45.28 29.348964 108.072184 1.07 0.43
2022 5 7 6 18 8.4 29.362282 108.034904 1.37 0.84
2022 5 7 7 8 11.04 29.316414 107.969295 2.34 0.44
2022 5 7 7 37 14.76 29.312105 107.914185 3.06 0.63
2022 5 7 8 16 57.54 29.325669 107.954028 2.57 -0.08
2022 5 7 8 41 38.04 29.317316 107.96744 1.65 0.22
2022 5 7 9 50 56.83 29.283791 108.041219 2.66 0.78
2022 5 7 9 54 21.37 29.33774 108.124813 2.89 0.56
2022 5 7 10 45 37.99 29.339526 108.123226 2.61 0.16
2022 5 7 10 57 36.97 29.286552 108.040983 1.93 0.99
2022 5 7 11 19 24.77 29.320219 107.951562 1.95 0.39
2022 5 7 11 22 34.39 29.320215 107.95061 2.1 0.34
2022 5 7 11 49 50.43 29.338139 107.975342 2.19 0.35
2022 5 7 12 17 46.89 29.315202 107.913582 3.33 0.31
2022 5 7 12 18 45.98 29.349284 108.072355 1.19 0.47
2022 5 7 12 23 57.34 29.300883 107.874731 3.52 0.92
2022 5 7 12 58 4.05 29.3525 107.99279 3.03 0.25
2022 5 7 13 47 15.67 29.330247 107.959766 1.9 0.53
2022 5 7 13 49 22.19 29.330023 107.958415 1.96 0.8
2022 5 7 14 3 51.35 29.315706 107.972192 2.54 0.42
2022 5 7 14 7 23.39 29.362103 108.035148 1.45 0.95
2022 5 7 14 16 14.61 29.309369 107.977148 1.59 0.25
2022 5 7 14 21 55.73 29.321586 107.914868 3.22 0.52
2022 5 7 14 41 55.66 29.338757 108.104289 2.62 1.5
2022 5 7 14 47 5.48 29.309379 107.976774 1.64 0.54
2022 5 7 14 48 14.18 29.318461 107.918188 2.93 0.67
2022 5 7 14 48 34.62 29.338611 108.103735 2.61 0.64
2022 5 7 14 49 16.93 29.274839 108.078158 2.9 1.42
2022 5 7 14 50 7.1 29.361509 108.019132 2.27 0.56
2022 5 7 14 52 35.1 29.338747 108.10376 2.72 0.28
2022 5 7 14 55 56.17 29.339736 108.104305 2.72 0.84
2022 5 7 16 19 34.03 29.316661 107.969255 2.39 0.43
2022 5 7 17 21 5.75 29.316142 107.97207 0.83 0.47
2022 5 7 18 44 32.17 29.349695 108.071802 1.58 0.62
2022 5 7 18 48 18.53 29.244401 108.107072 3.2 0.25
2022 5 7 19 36 3.56 29.321206 107.943115 3.62 0.47
2022 5 7 22 1 29.35 29.357503 107.995744 2.33 -0.45
2022 5 7 22 4 37.0 29.329777 107.959521 2.43 0.75
2022 5 7 22 16 41.44 29.318132 107.972078 1.78 -0.06
2022 5 7 22 18 39.73 29.315352 107.970459 2.82 0.71
2022 5 7 22 44 29.63 29.266388 108.089632 5.9 0.09
2022 5 7 22 49 35.3 29.310832 107.912435 3.37 0.13
2022 5 7 23 48 31.02 29.313957 107.91259 2.46 0.43
2022 5 8 0 44 33.07 29.349243 108.072469 1.34 0.52
2022 5 8 0 49 56.13 29.337972 107.97583 2.19 0.55
2022 5 8 0 56 19.56 29.347835 108.107178 4.04 -0.51
2022 5 8 1 2 5.94 29.343372 108.085921 1.62 0.75
2022 5 8 1 14 43.48 29.314299 107.914697 2.65 0.39
2022 5 8 2 50 19.0 29.318121 107.950618 2.34 0.52
2022 5 8 4 9 21.86 29.362101 108.035091 1.47 0.93
2022 5 8 4 37 38.08 29.316673 107.916919 2.93 -0.28
2022 5 8 5 41 27.44 29.283691 108.04104 2.72 0.66
2022 5 8 7 33 59.8 29.318231 107.952108 3.08 0.51
2022 5 8 7 40 58.86 29.311428 107.902059 3.59 0.28
2022 5 8 7 50 2.22 29.34785 108.076872 1.77 0.75
2022 5 8 8 42 37.64 29.336825 107.978328 1.77 0.64
2022 5 8 9 11 17.65 29.286672 108.041073 1.79 0.93
2022 5 8 9 12 11.41 29.284483 108.052686 2.45 -0.19
2022 5 8 9 20 23.84 29.281881 108.04248 3.22 0.59
2022 5 8 10 26 25.31 29.329366 107.958569 2.35 0.21
2022 5 8 10 33 29.1 29.268958 108.077604 3.55 0.36
2022 5 8 11 3 2.17 29.361658 108.036263 1.31 0.81
2022 5 8 12 12 23.09 29.313969 107.977384 2.28 0.71
2022 5 8 12 17 12.99 29.36237 108.013257 3.9 -0.09
2022 5 8 12 33 21.68 29.360524 108.019572 3.8 1.12
2022 5 8 12 34 11.45 29.34318 108.086068 1.37 0.85
2022 5 8 12 39 25.0 29.318022 107.953499 3.14 0.52
2022 5 8 12 42 58.3 29.312907 107.955949 2.37 0.6
2022 5 8 13 30 19.0 29.381651 107.899487 3.11 0.51
2022 5 8 14 34 47.56 29.286947 108.039648 1.96 0.65
2022 5 8 16 30 9.22 29.32147 107.940015 3.93 0.71
2022 5 8 17 55 15.75 29.349266 108.073682 2.62 0.97
2022 5 8 20 17 6.5 29.324967 107.959896 5.05 0.39
2022 5 8 21 12 47.41 29.362244 108.035726 1.42 -0.16
2022 5 8 22 42 48.08 29.326485 107.932576 1.85 -0.18
2022 5 9 2 14 11.88 29.344741 108.09484 2.53 0.44
